-23
18
61
28
57
12
-16
15
33
3
23
20
-19
0
-12
11
-18
34
-46
-30
-18
17
-10
-11
1
42
-2
21
27
24
-1
27
28
26
20
9
-4
-39
35
0
30
-6
16
63
4
-23
0
24
6
21
-6
1
27
-11
-21
13
16
-85
30
19
5
45
-41
20
5
-21
2
2
2
17
35
29
24
6
-9
-1
16
-6
16
-5
5
20
-17
-13
21
38
12
51
8
3
31
39
-10
38
-21
-23
-38
1
63
-27
13
0
-8
33
24
2
24
69
-41
-4
31
5
-18
32
42
31
7
-16
17
35
13
1
-7
-13
10
-28
-29
44
50
2
-18
4
32
-9
-2
-19
10
-7
11
-30
8
0
34
-58
-7
40
14
33
13
14
29
15
44
32
26
0
19
-30
64
-6
1
49
28
-31
58
1
36
58
18
27
67
13
1
-10
8
42
8
-14
11
28
-24
31
-37
-11
-6
10
23
10
-15
14
-4
24
-23
37
-6
62
-2
23
16
-12
10
67
-32
32
24
-16
82
-15
21
-2
4
38
-23
-23
-17
13
-9
14
-51
18
-2
16
-5
35
-17
39
1
11
-16
-32
15
-8
16
50
24
32
62
-32
-21
32
15
21
22
-12
12
-6
13
-8
43
5
-16
-15
14
18
11
30
0
28
13
0
0
20
44
34
-1
28
-1
8
-53
-15
-2
18
4
5
6
10
-18
-30
-4
1
-11
22
37
51
28
22
-17
-6
-25
31
6
-5
29
6
25
48
33
-2
-4
20
4
34
16
19
0
-6
-8
11
-13
28
-21
-2
20
13
15
-3
40
-38
-19
2
50
21
-6
-24
10
-3
12
-2
31
0
21
5
20
29
-45
-6
25
31
12
5
0
-16
-12
31
19
18
-12
6
10
40
1
8
15
23
-7
-26
32
9
28
0
35
-12
37
-17
10
37
28
8
44
-27
54
13
29
-18
22
-2
13
14
-1
-20
22
14
-25
8
28
1
11
11
20
10
50
40
48
-15
8
13
56
19
48
-27
24
28
38
-24
26
-16
11
0
14
-9
-31
-10
-6
-12
-5
21
26
14
-24
31
3
36
-33
23
73
32
26
41
3
9
45
29
1
-25
-36
-18
16
24
3
37
10
-16
49
1
-21
34
-14
-2
11
14
-10
0
-44
18
5
38
5
2
-9
29
-27
-4
-9
-22
13
-18
-2
-3
-60
37
42
-19
9
-3
6
22
0
-7
-15
45
-1
-2
-25
44
18
16
39
26
13
38
37
-6
25
-35
-11
38
-20
3
3
3
17
-39
-27
-21
20
66
7
44
-16
31
55
9
-14
-21
34
-16
8
31
-36
48
2
24
48
-11
50
-8
-11
-10
24
0
16
24
-11
-6
2
7
-18
12
32
3
2
19
-2
13
39
28
-10
34
-32
21
5
23
17
28
23
16
8
4
44
-8
14
28
6
36
-24
70
29
12
26
49
21
14
15
-27
58
-14
-22
76
35
42
-41
-4
0
3
-20
59
23
-1
0
49
21
26
61
-42
36
-7
16
41
3
7
-29
0
55
16
18
18
19
1
24
-4
19
25
10
-30
14
23
17
0
-1
16
26
11
9
5
0
10
27
-6
38
20
26
42
2
-31
14
18
28
29
18
8
13
-28
42
23
-20
36
-21
-4
14
-23
17
15
-53
-4
12
-39
-1
-3
0
-12
9
-7
21
-35
6
2
13
0
-11
-16
19
33
3
-22
0
15
-23
23
23
-13
2
-13
2
4
-9
-17
50
-9
4
-33
14
-43
-7
19
-18
67
42
28
1
22
-34
-16
31
-2
13
14
-4
-15
-3
15
11
-1
21
36
-10
49
-33
16
21
-26
14
33
25
44
11
-15
37
25
9
-9
23
33
38
-23
-11
16
6
2
-28
15
13
-4
47
2
-2
12
59
0
16
22
10
20
41
17
5
21
18
38
27
-14
16
37
21
-12
-4
27
43
55
13
49
6
16
39
31
14
8
-5
60
0
27
-5
-4
36
24
0
28
40
-19
36
-3
38
-5
5
15
31
3
20
0
15
54
-26
49
60
2
4
1
-8
33
30
-11
24
30
0
4
-6
-1
0
12
33
31
36
17
50
-62
1
2
23
18
18
23
-39
34
14
27
20
6
7
8
32
-16
16
8
29
41
27
55
-9
-30
-29
1
10
24
-14
59
17
-3
-27
-26
5
48
32
-33
55
-13
8
35
-20
28
13
34
-30
49
16
-18
8
-6
22
2
20
0
20
-21
29
-15
11
6
-4
46
23
14
16
14
-23
0
56
19
-17
-17
24
26
14
32
31
-23
-4
-5
18
-9
8
17
32
-5
48
22
11
13
-5
14
-22
21
18
3
2
-28
0
16
-25
4
42
16
4
58
-4
28
5
9
39
-26
-8
-8
32
50
39
20
25
10
41
18
-34
-8
29
22
31
29
24
48
13
-2
-13
8
-13
7
-1
1
57
15
6
24
19
15
7
31
39
-14
34
34
11
-8
-50
7
-33
2
12
27
15
4
30
9
-6
5
58
46
-4
67
-19
-1
14
27
38
2
