6.52970291e-01
-3.32451216e-01
-1.49895143e-01
-2.70563636e-01
-1.05353787e+00
9.45565048e-01
-2.78339754e-01
8.86104360e-01
-1.10163771e+00
-5.60923491e-01
-6.00518295e-01
6.49102110e-01
3.04451310e-01
1.32955866e+00
-1.40758086e+00
8.74408055e-01
-1.16127025e+00
1.11552421e+00
-1.54231300e+00
-4.34978138e-01
-1.72355893e+00
-8.24602982e-01
1.37816987e-01
-7.81873143e-01
-1.29398681e+00
-2.65208051e+00
-3.73146969e-01
-2.70545289e-01
1.30489981e-01
-2.28243568e-02
-8.37713415e-01
7.94648190e-01
-9.11778695e-01
-1.01878074e+00
-4.14724951e-01
-7.07624312e-02
-2.52070136e-01
-1.44045818e+00
-1.39324099e+00
-2.43461474e+00
-1.95929661e-01
5.25874274e-01
-3.15292930e-01
-5.27220825e-01
-1.59715889e+00
-1.04324727e+00
1.11724776e-01
7.41585017e-01
-4.43238482e-01
-1.68433919e+00
7.46915787e-01
-1.92776851e+00
9.42168405e-01
-5.73269487e-01
8.18369366e-01
1.63141817e-01
-9.29813999e-01
-2.24004446e+00
4.11353965e-01
-6.14646925e-01
2.55689401e-01
-5.25453055e-01
9.99129745e-02
-2.50993436e+00
8.63150978e-01
7.87912639e-01
-3.65318541e-01
4.24336498e-01
5.32714471e-01
-4.68555706e-01
-3.18004550e-01
3.12226446e-01
1.88900896e-01
7.04207930e-01
-1.78218423e+00
1.03702951e+00
-1.28576335e+00
-9.97500546e-02
-3.90836027e-01
3.16473984e-01
-1.55828459e+00
-1.02266390e+00
1.61464874e+00
-1.12573129e+00
-2.27250469e+00
-6.05759426e-02
1.90650074e+00
9.82932324e-01
-1.59044721e+00
-2.09245379e+00
3.32505560e-01
1.09505076e+00
9.82530395e-02
5.12949964e-01
3.07387001e-04
-7.63377653e-01
2.58843340e-02
-9.74858963e-01
2.23039735e-01
6.59898636e-01
-4.61198054e-01
-1.94249676e+00
-1.28450013e+00
-8.19192463e-01
-5.06671933e-01
7.42631176e-01
-8.99763442e-01
-1.96696650e+00
7.52412165e-01
1.27162227e+00
-4.80949840e-01
2.35298355e-01
7.64772349e-01
1.01507183e+00
-2.51969782e-01
-7.90236699e-01
6.90762031e-01
1.59478944e-01
-8.37600486e-02
1.36375982e+00
1.63193393e-01
-2.24253357e-01
2.06946928e-01
5.46783128e-01
1.51255995e+00
1.14759305e+00
-6.68762410e-01
-2.55259601e-01
-5.08137306e-01
-4.42881494e-02
1.53458942e-01
-2.11361783e-01
9.26353758e-01
2.13738716e-01
-1.05754499e+00
1.59222046e-01
-1.29197207e+00
-3.90416408e-01
-4.57214523e-01
6.60097421e-01
-8.84678174e-01
1.49844475e+00
6.91918754e-01
2.51314793e-02
6.58537523e-01
2.68601411e+00
2.10915958e+00
4.57150636e-01
-1.40079363e+00
-1.72221513e+00
-7.63148752e-01
-8.69261402e-01
-1.14320450e+00
-1.58493879e-01
-8.41763375e-01
-2.81924985e-01
-8.13247970e-01
1.55445598e+00
1.32663291e-01
-1.89654789e+00
1.71587825e+00
8.08879749e-01
1.04036343e+00
1.83636217e+00
3.05773059e-01
-3.41315108e-01
4.25853171e-01
-3.55443289e-01
-1.47871820e+00
-1.49663094e+00
5.30134278e-01
1.53766890e+00
3.01208177e-01
-1.02158248e+00
2.37452845e-01
-1.15857456e+00
7.55968099e-01
1.66948115e+00
-3.59828421e-01
-1.31394049e+00
1.80788028e-01
9.34746850e-01
-4.22940947e-01
1.39564838e+00
1.97133639e+00
8.56409767e-01
1.37535165e+00
-2.29526292e-01
9.16462765e-01
2.24698940e-01
1.00731319e-01
4.47070210e-01
1.20056277e+00
1.96537429e+00
4.94423965e-01
9.90841733e-02
2.65402465e-01
4.84335519e-02
6.39729121e-01
-2.33978945e-01
-1.11363635e+00
-1.91520069e-01
-2.97536657e-01
7.35929178e-01
-3.41906368e-01
-5.86274055e-01
-8.37860383e-01
1.64258112e+00
5.71707252e-01
8.41121607e-01
5.22238121e-01
-6.85630245e-01
1.76135502e+00
8.12293740e-01
-9.12813818e-01
-1.31927713e+00
-1.48656996e+00
1.75470531e-01
3.69394542e-01
-8.77727731e-01
4.94952355e-02
-6.25649843e-01
-4.68289947e-01
-9.87332630e-01
-9.53920827e-01
-1.65103760e-01
-7.99648359e-01
2.32360769e+00
1.39090024e-01
1.30031552e-01
-9.98152491e-01
-4.19271172e-01
6.31777117e-01
1.64110347e-01
-1.79630506e-02
4.23539763e-01
-8.20946218e-01
3.78259151e-01
2.13576134e+00
-6.66844365e-01
4.84439945e-01
2.24574003e-02
9.23312243e-01
-3.74489321e-01
-1.06027167e+00
-6.78689642e-01
1.46766291e-01
-6.89301607e-01
-1.65848349e+00
2.44625539e+00
-4.70882891e-01
-5.39508467e-01
-1.09736763e+00
7.21214511e-01
4.08677217e-01
9.81586085e-01
4.36591869e-01
9.92068277e-01
1.57168898e-02
-3.68817629e-01
-1.51130666e+00
1.48733422e-01
1.32293229e+00
-9.88885853e-01
7.62803677e-01
1.79932604e+00
8.44157843e-01
-2.11699451e+00
-5.91708611e-02
-2.31143233e+00
-4.43897924e-01
-7.61808245e-01
-1.07648836e+00
-2.15460669e+00
-1.18108299e+00
1.12638549e+00
8.41857406e-01
4.66500060e-01
7.29603218e-02
-1.09340979e+00
-3.08841676e-01
1.18796112e-01
3.47777959e-01
1.88181200e-01
-2.60418490e+00
-2.16109809e-01
1.06037280e+00
1.67764697e+00
-1.48874788e+00
7.09592239e-01
-7.99941032e-01
-1.15130456e+00
-1.29536756e+00
-4.59425536e-01
-2.15689572e+00
2.29218493e+00
-3.17024387e-01
9.84206340e-01
6.13327804e-01
-1.67724134e-01
-9.23363657e-01
-5.11817590e-01
-2.32421808e+00
-7.74367994e-01
1.15843084e+00
7.86679111e-01
-8.53403325e-01
-8.78405504e-02
8.53072560e-01
-9.20701013e-01
1.52999886e+00
-1.53538266e-01
3.06223105e-01
-6.56870468e-01
-7.97935735e-01
6.98040907e-01
-6.77535640e-01
-2.21787972e+00
6.42769127e-01
-8.06362591e-01
-1.92989036e-03
4.66222746e-01
5.03469376e-01
-3.41114851e-01
-1.21595808e-01
-2.36631148e-01
-1.21720488e+00
-2.83087674e+00
-2.89388018e-01
-9.95365330e-01
4.62870003e-01
2.92873874e+00
6.87649891e-02
1.31940970e+00
-1.05187263e+00
2.06480958e-01
1.39557524e+00
-1.33735483e+00
2.61755967e-01
-1.00690084e+00
-1.59296938e-01
2.57290769e+00
5.79464482e-01
1.72733385e+00
5.14579868e-01
-4.28585230e-01
-1.23173747e+00
-3.08503433e-01
5.27677630e-02
3.53788435e-01
-1.49000725e+00
-9.63311837e-01
1.05120319e+00
2.78104961e-01
2.23089493e-01
-5.22838164e-02
-2.04387226e+00
1.61305703e+00
1.04233981e+00
6.85384639e-01
1.11778645e-01
-1.97928422e+00
1.64531566e-01
1.05823519e+00
-1.51822149e+00
-6.74458330e-01
-1.08374222e+00
8.68412685e-01
-1.29616544e+00
-9.73696753e-01
-5.22643568e-01
1.39154626e+00
-1.01267132e+00
6.23803363e-01
-3.97634068e-01
4.05004423e-01
5.27382776e-01
-1.70204282e+00
1.11307446e+00
-4.25678338e-02
2.29484500e+00
1.26766773e+00
-1.39299096e-01
1.15463514e+00
6.14344542e-01
-1.50763532e-01
3.47956025e-01
-6.97507227e-01
-2.58313134e-01
-3.95995624e-02
2.10191658e+00
1.62509427e-01
1.39637190e+00
2.91567191e-01
-1.42050147e+00
2.12369928e+00
-7.03913975e-01
-1.60325022e+00
8.08156881e-01
-3.46089109e-01
-3.67053449e-01
-2.36538161e-01
9.43330310e-01
2.36455151e+00
-1.90246917e-01
-1.00492045e+00
6.20786160e-01
-2.06546629e+00
4.94381779e-02
7.45145619e-01
-9.82395453e-01
-6.44461000e-01
5.48749999e-01
4.97398694e-01
5.87725443e-02
-8.17267165e-01
-5.67391623e-01
-2.68675915e-01
2.11589510e-01
-6.78071599e-01
-1.59825175e+00
-1.67865561e+00
1.07492224e+00
1.84339665e+00
8.15443713e-01
-8.48792085e-01
9.33559766e-01
1.75833040e-01
-9.06637500e-01
-4.60377359e-01
6.27502365e-01
7.33006981e-01
8.51076692e-01
-3.71469901e-01
-4.30459600e-01
1.47371999e+00
1.00920223e+00
4.99812787e-01
-1.22682931e+00
-2.31748072e-01
-2.22308238e+00
1.64695324e+00
-3.05207081e-01
1.62495429e+00
2.01270751e-01
-1.53600094e+00
5.99247426e-01
-3.81410861e-01
9.52322793e-01
2.54787204e-01
-3.64160968e-01
-2.71079810e-01
1.04867401e+00
5.43038056e-01
-4.53241046e-02
9.18882461e-02
1.74374517e+00
7.67216192e-01
1.51066919e+00
-3.52172364e-01
5.28557466e-01
-1.04500494e-01
5.77586059e-01
-1.17549406e+00
-6.49867269e-01
-1.06380855e+00
-1.00523520e+00
1.11592426e+00
1.45939961e+00
8.57363183e-02
-1.61096160e-01
-8.10818513e-01
2.06311249e+00
1.52195597e-01
1.81670692e+00
-5.88242591e-01
-3.81855786e-01
-2.43894013e+00
-1.02239687e+00
1.72435651e+00
-2.01562190e-01
-1.42564831e-01
1.29192307e+00
-1.11897717e+00
1.03126308e+00
5.49431979e-01
7.32601104e-01
-1.54335963e+00
8.36505692e-01
4.43076351e-01
1.21828236e+00
-6.77500778e-01
1.50035608e+00
2.43528245e+00
1.01608989e+00
-5.19654690e-01
-2.13107842e-01
-2.88051146e-01
2.05611256e+00
-8.97310933e-01
2.49657765e+00
1.41628539e-01
5.27041543e-01
1.25189430e+00
3.44157819e-01
-3.10346016e-01
4.46722672e-02
-1.11378101e+00
-7.83224720e-01
1.10378286e+00
-5.21428350e-01
-1.76963647e+00
-1.44021033e+00
-2.81613642e-01
-1.31159598e+00
-9.87413794e-01
-8.88117737e-01
1.06725451e+00
1.28928204e+00
3.57185656e-01
3.94679782e-01
4.94764030e-01
1.91849325e-01
-3.95904858e-01
1.16164151e+00
4.03571531e-01
5.08955516e-01
-1.44550019e-01
5.64024679e-01
2.00009408e-01
4.76938822e-01
1.42265491e+00
5.98321347e-01
-3.62938583e-01
-4.37618438e-01
-7.83045338e-01
6.37883741e-01
9.88731162e-01
6.92254867e-01
-9.01114039e-01
-8.85750223e-01
-2.19334867e-01
-1.92486782e+00
-6.36171886e-01
-2.69841454e-01
3.75432677e-01
3.37150974e-01
5.02499276e-01
3.55679362e-01
5.34265326e-01
4.07037393e-01
1.21098267e+00
-1.22980523e+00
-9.60017202e-01
-1.80382396e+00
1.82315363e+00
4.72621513e-01
5.38152201e-02
-1.25395122e+00
-4.31992829e-01
1.39728876e+00
8.95756767e-02
5.87121034e-01
-1.45364489e+00
3.76334019e-01
1.01152024e+00
2.46827586e-01
6.52637204e-01
9.75643202e-01
1.89642295e-02
3.00617153e-01
-1.91353590e+00
-9.65820114e-02
-3.25920134e-01
3.35125013e-01
1.20733808e+00
8.64382167e-01
9.68508283e-01
-7.44103635e-01
2.35433883e-01
7.10313963e-01
1.05638662e+00
5.85812021e-01
-1.20124796e+00
5.31485367e-02
2.68360304e-03
4.13816693e-01
1.45872389e-01
-5.74594200e-01
-2.27174454e-01
3.69625160e-01
1.96258771e-01
-8.23820706e-01
-4.11738797e-01
-5.03328955e-01
-6.51434948e-01
7.32941091e-02
-1.21047794e+00
-2.30859749e+00
-1.33629699e+00
-5.37005573e-01
9.63928542e-02
-2.33566899e-01
1.16721432e+00
-9.86020775e-01
-1.91809469e+00
1.43426036e-01
1.95468736e-01
4.18345238e-01
-4.15675335e-01
-3.23876989e-02
1.92321852e+00
2.42298847e+00
-3.04307637e-01
7.58602012e-01
1.09849416e+00
1.26165775e+00
1.01665541e-03
1.08881587e+00
8.10527406e-01
1.02821762e-01
5.96660686e-01
1.99675177e-01
8.42138408e-01
8.83193538e-01
2.85740605e+00
1.10235637e+00
9.73718992e-01
-2.84496493e-01
1.02544414e+00
7.04202520e-01
-3.51601214e-01
1.70048840e-01
-1.33330920e+00
1.22294722e+00
1.84630617e-02
2.14625190e-01
-1.08423683e+00
-9.88720444e-01
-3.25362384e-01
9.17394060e-01
-8.93540029e-01
7.76903866e-01
-2.76019760e-01
-7.83832808e-01
-5.49878061e-01
-7.16527669e-01
-7.46268201e-01
-3.02975058e-01
-5.62904902e-01
-1.19498870e+00
-1.74809619e+00
-4.59955224e-01
7.48494218e-01
-9.14461687e-01
4.41299064e-01
2.27633837e-01
-2.37787268e-01
1.16261441e+00
9.83242361e-01
1.08877138e+00
1.69319707e+00
-5.02998051e-01
-7.23552907e-01
-3.80243510e-01
-7.90968360e-01
2.18484431e-01
-1.48856128e+00
5.19167648e-01
1.62537993e+00
-2.84901727e-01
1.36758715e+00
1.10548032e+00
-6.45392353e-01
-1.26623746e+00
7.75539293e-02
-6.51036106e-01
-5.42977708e-01
-2.10465181e+00
8.90920035e-01
1.62656419e+00
-1.54265033e-01
2.53427665e-01
6.53837883e-02
6.20000441e-01
-6.21895876e-01
1.77842157e-01
1.63233850e-01
-3.46019666e-01
-8.17545895e-01
-3.93387170e-01
-8.80001451e-01
9.24180123e-01
1.12810439e-01
-8.21648713e-01
-1.66835865e-01
2.64025310e-03
-2.98735408e-01
7.29506434e-02
4.56989975e-01
-7.16924996e-01
1.16939199e-01
-5.82838843e-01
-2.71530004e+00
2.58090564e-02
-8.73291976e-01
7.93296295e-02
-2.02527651e-01
-1.25511994e+00
-1.26986545e+00
-1.05373855e+00
1.20947010e+00
-3.02941041e-01
5.81582375e-01
3.60449223e-01
9.59739848e-02
-3.63090408e-01
-6.81239022e-01
8.47172405e-01
-2.36413986e+00
-5.41269297e-01
-3.00738279e-01
-4.89876153e-01
5.99295672e-01
1.05180155e+00
1.38519432e+00
9.79974234e-01
-8.45556336e-01
-5.67317993e-01
-1.28172583e+00
1.55948782e+00
-9.09780106e-01
3.25415822e-01
8.37996836e-01
1.44137858e+00
-6.02501999e-01
-1.14293504e+00
-2.21740435e+00
1.73411109e+00
5.93795862e-01
-7.21311968e-01
7.85725452e-01
2.23153201e-01
6.74841397e-01
-8.16587446e-01
1.12278343e+00
1.73073939e+00
6.53647555e-01
1.17733193e+00
-1.19172299e+00
-3.36703377e-01
2.63108546e-01
-1.64613033e-01
2.70069657e-01
-7.49394938e-01
-3.25963643e-01
1.35760738e+00
-8.63480684e-01
-1.78579018e+00
8.24444793e-01
-1.30475189e+00
-7.18445782e-01
4.68085077e-01
-7.11567456e-01
8.13427496e-02
-1.57835498e+00
4.25017397e-01
-1.30868377e+00
1.44717582e+00
1.78590308e+00
6.44762136e-01
-1.09539749e-01
-1.76082679e+00
-2.20497815e+00
1.09289421e+00
1.26520337e+00
6.49015280e-01
3.11662922e-01
-8.55428780e-01
-2.34876273e-01
-8.28010744e-01
-2.90946648e-01
8.76421284e-02
8.86533187e-01
1.35960400e+00
-1.08733114e+00
-9.80231864e-01
-6.59136106e-01
-7.88920114e-01
1.56834839e-01
5.64903227e-01
3.69880402e-01
-1.52951593e+00
2.06357296e-01
-6.47739291e-01
1.07164788e-03
2.24167040e+00
1.29141289e+00
1.46178373e+00
-1.29530996e-01
4.73781810e-01
-1.26159371e+00
-1.45020667e+00
-1.60630456e+00
-3.21782922e-01
-1.57185567e+00
6.11972142e-01
-9.22391581e-01
9.92877098e-02
-2.36223065e+00
-7.52672252e-01
-9.85890598e-01
1.19286788e+00
-5.52322213e-01
-1.30825785e+00
-3.48013573e-01
-3.75589499e-01
-1.02622148e+00
-1.68615296e+00
3.89121073e-02
1.52407924e+00
1.04555715e+00
-1.14656483e+00
-1.30836024e+00
5.51825182e-01
3.56359663e-03
3.22696960e-01
6.79519753e-01
2.53372937e-01
1.44529799e+00
-5.01233153e-01
9.78331324e-01
1.16024025e+00
2.84141462e-01
-7.40338424e-01
6.23660672e-01
-9.02501941e-01
1.11170418e+00
1.74118914e-03
1.26166683e+00
-5.41897919e-01
-5.21685183e-01
6.62366680e-01
1.14144999e-01
-6.97595180e-01
-5.93720221e-01
3.82583022e-01
2.37166871e-01
7.14872409e-01
-6.57021597e-01
1.04909513e-01
6.34338979e-01
2.20952459e+00
-1.50635882e-01
-4.90982930e-01
-1.37255048e-01
-1.12678940e+00
-4.38109670e-01
-5.23075408e-01
-1.09359929e+00
-5.12869219e-01
-2.80893749e-01
3.13123254e+00
-9.33749714e-01
2.06441671e-01
-1.54480918e-01
8.92237026e-01
-3.02545427e-01
-9.44756175e-01
4.90240613e-02
-4.76645399e-01
9.05354899e-01
-6.79114104e-01
8.51008237e-01
7.89489062e-01
-2.76889084e-01
-1.28513121e+00
-7.13725393e-01
6.18205786e-01
-6.51066352e-01
9.97574469e-01
6.63292952e-01
1.08797961e+00
1.26486728e+00
-2.44844782e+00
2.61111461e-01
1.74753317e+00
1.22823829e+00
1.35170899e+00
6.48080548e-01
9.45326834e-02
-1.00594817e+00
-7.58947820e-01
-7.03134659e-01
-1.06857199e-01
2.16081387e-02
-4.58058521e-01
2.75805977e-01
2.64416360e-01
-1.90200466e-01
1.22839851e+00
4.13853209e-01
-9.83603505e-01
-1.16524322e+00
8.32336721e-01
-9.96627323e-01
-5.40444589e-01
5.16447082e-02
-2.75805641e-02
-4.69441051e-01
7.14577031e-01
-2.16084883e+00
-1.47531439e-01
-1.90961021e-02
2.03486550e-02
-1.24131434e+00
1.02851003e+00
6.84047203e-01
1.62284052e+00
-2.37762963e-01
2.53567551e-01
-5.10951438e-01
-3.50338296e-01
8.58535284e-01
-7.46732297e-02
1.35751729e+00
5.22143062e-01
5.83170371e-01
-3.60241551e-01
-3.76500185e-02
3.45740293e-01
-1.21869272e+00
1.71217045e-01
7.96854064e-01
-2.51511174e-01
2.17139948e+00
-4.38977357e-01
1.53935881e-02
1.33235956e+00
8.93873686e-01
7.69142975e-01
-3.46295474e-01
-5.03634923e-01
-1.23979069e+00
-2.10778430e-01
1.07412567e+00
9.86922889e-01
8.70260326e-01
-2.66367905e-01
2.22120608e-01
-9.47829395e-01
9.32887933e-01
-4.47111109e-01
1.83633821e-01
2.20849864e+00
2.07500025e+00
-8.55468886e-01
9.43726847e-02
-2.51618746e+00
5.87444004e-01
-1.40629285e-01
1.74660281e+00
1.42721187e+00
-9.61636764e-01
-4.35330679e-01
1.18746729e+00
-2.36556487e-01
-7.47672860e-01
-6.32764276e-01
1.36226854e+00
-5.65173883e-02
-4.25220624e-02
-9.99606257e-01
9.55919601e-02
1.26361212e+00
1.11053281e+00
-1.37813344e+00
1.03171815e+00
8.36490439e-01
-1.60238127e+00
-4.40894891e-01
-1.87807385e-01
-2.12827228e-01
1.66783686e+00
-1.11480945e+00
8.31597493e-01
9.82882971e-01
-2.30250512e-01
-5.03113103e-01
4.93765607e-01
-5.04463850e-01
-6.80230804e-01
-9.29637733e-01
1.10917068e+00
1.37807044e+00
-5.53362379e-01
-1.14659279e+00
-7.95524674e-01
4.67132280e-01
1.88654647e+00
