9.25842442e+01
1.62741519e+03
1.15547085e+02
4.08754862e+01
4.95940002e+02
1.98778115e+02
2.34205578e+03
1.88456056e+01
4.08026606e+01
3.43732099e+01
2.76394952e+00
1.01508023e+03
1.71437609e+01
3.58032164e+01
1.01537454e+01
1.31831230e-01
3.46833193e+01
3.39439772e+01
5.77683987e+01
1.10852570e+03
4.18423023e+01
1.79300020e+00
1.19318724e+02
7.74398087e+01
1.38126356e+02
1.61546815e+02
5.76518501e+01
3.57553595e+02
4.86915711e+00
9.42811716e+01
2.05173304e+02
2.80055978e+01
2.29479366e+00
6.03219577e-01
2.04945945e+01
3.10562487e+01
1.15663027e+02
2.60021024e+02
1.74281263e+00
2.85408007e+01
2.12652909e+01
2.63635294e+00
1.26551172e+01
3.42399793e+01
3.31739254e+01
1.15670736e+02
3.57388746e+03
1.07908631e+03
3.59511029e+02
1.25239266e+01
5.28663544e+00
8.88710650e+02
6.24162784e+00
7.46876318e-01
4.07542176e+03
9.65310304e+02
7.56737775e+00
5.36152811e+01
2.22178898e+02
1.72912586e+03
5.34038561e+01
2.26229307e+01
1.30921261e+02
6.42707552e+02
1.21641179e+01
2.53368648e+01
8.00423158e+01
2.92765033e+01
2.96050097e+01
4.09674027e+03
9.11854108e+02
1.01071335e+02
2.47248793e+01
7.43371998e+01
1.72329073e+01
1.74370379e+01
1.38917051e+02
1.78896038e+01
3.78117701e+01
2.74565891e+00
2.36559766e+01
4.18387524e+00
1.53495270e+01
5.26701574e+01
7.33473795e+01
5.90166307e+01
9.54027626e-01
3.58414572e+01
6.60837761e+01
2.01569465e+02
9.95418618e+00
5.95114106e+01
2.83966721e+02
1.06523600e+02
1.51795385e+01
6.15342656e+00
2.21924939e+02
8.01756362e+01
1.07973751e+01
4.91680154e+01
3.03814999e+00
2.09477103e+01
5.66892666e+01
5.74499506e+00
3.21158800e+02
5.00823999e+01
5.79507955e+01
8.58612182e+00
3.19375989e+02
1.22080652e+01
7.68906671e+01
1.10971400e+01
8.09485166e+01
1.76105258e+03
1.24869941e+01
1.32598976e+03
4.06658243e+02
2.38718688e+00
7.91244768e+00
2.94602383e+01
1.43233179e+02
2.02098970e+01
1.59610537e+02
1.05238000e+01
1.02063297e+02
9.89043654e+02
3.40895331e+00
2.08676245e+01
1.67670242e+01
1.81071125e+01
4.57723898e+01
1.18383959e+02
1.59431516e+01
4.13118441e+00
5.42294670e+01
3.39807134e+01
3.54774923e+00
1.53268105e-01
2.62996439e+03
1.33371660e+01
4.42605966e+01
1.06652124e+01
4.41119526e+01
6.45151843e+01
6.51437818e+01
2.32630538e+01
2.00618705e+01
1.45962673e+01
1.95711147e+02
1.03539644e+01
1.73702302e+01
1.05516824e+02
5.00604999e+00
3.03861259e+01
1.83988182e+02
3.19304794e+03
2.28319043e+00
1.92798247e+01
4.73579821e+02
1.71157790e+02
1.23229842e+02
1.10511835e+02
1.15506909e+02
3.06967846e+02
5.60291793e+01
6.10410685e+00
3.62568851e+02
1.45799659e+02
2.60077430e+03
2.21182992e+02
1.20545673e+02
1.06801169e+02
3.79286931e+01
4.72923355e+00
3.16508207e+03
2.23923240e+00
4.50381373e+00
1.66110072e+02
2.95938559e+02
5.90736487e-01
1.90595695e+02
3.82855614e+01
1.68150357e+02
1.08191711e+02
2.51627813e+03
3.94345896e+03
6.19615024e+00
1.22895634e+01
1.45849986e+02
3.13602753e+02
2.21124000e+02
2.58889399e+00
1.58963393e-01
1.24582826e+02
1.13551679e+02
1.38290683e+00
1.26268497e+01
2.28688956e+01
3.70369569e+00
1.58868804e+02
3.96809618e+02
4.74219204e+02
1.42261685e+02
2.35980175e+02
1.25932303e+01
6.73985967e+01
4.67968965e+01
2.08292452e+01
2.66834430e+02
1.00359297e+01
6.26577602e+01
7.74240085e+01
5.17403675e+01
1.31714109e+02
7.89363756e+01
1.81271613e+00
1.06185285e+01
7.46205157e+01
1.43962476e+03
5.72625499e+04
1.22814374e+02
5.51074874e+01
6.10974891e+01
8.04026510e-01
1.11566199e+03
9.43994506e+01
1.12212111e+01
1.99254033e+02
8.16433421e+01
6.16946192e+01
2.34154725e+01
1.28072859e+02
1.24389696e+01
1.43109694e+02
6.46764207e+00
1.25410844e+00
1.87195075e+01
1.55334234e+03
1.19258101e+03
4.51126394e+02
7.96931386e+00
5.57845972e-01
2.00503996e+01
1.08231404e+02
2.19081927e+03
1.02530155e+02
1.64433871e+01
1.75047267e+02
2.29295424e+01
4.25006007e+02
5.24796208e+02
5.85655897e+00
1.09799078e+00
6.14057105e+01
3.54442231e+01
1.61774194e+03
2.23259106e+01
6.03349839e+02
3.91238897e+02
9.31493723e+00
3.22317566e+02
2.38372989e+01
4.22109502e+01
4.31214468e+01
5.22570903e+00
1.08156392e+01
7.35843957e+01
1.80372576e+03
2.72637492e+02
4.76482626e+00
2.50731290e+02
4.18612490e+00
4.18957696e+03
3.87065602e+03
3.45023845e+02
1.23506545e+01
1.08892299e+02
1.72199067e+01
1.18398916e+01
1.54287690e+00
1.05540000e+03
1.65931146e+01
2.48288089e+02
4.17916943e+04
3.19601966e+02
1.76402161e+02
3.53956136e+01
1.06479165e+03
2.59304205e+02
2.22007936e+00
4.68989901e+00
5.06018717e+02
3.41815753e+02
6.24231557e+01
2.19376500e+00
5.16436072e+02
1.20052372e+02
8.58805295e+00
4.96660208e+01
2.76579556e+00
7.72531283e-01
1.39136045e+02
5.29312834e+02
1.38063222e+03
3.16630231e+02
2.99100739e+00
2.51156614e+01
1.76787093e+01
7.78015511e+02
1.54896010e+02
7.68685786e+02
8.32323328e+02
7.44088279e-01
6.35721659e+00
2.57422152e+00
6.25307068e+00
1.84547595e+02
1.27059362e+01
1.30954409e+03
3.71054809e+02
1.62956961e+03
5.13412319e+00
3.38875793e+00
3.62815204e+01
1.63458664e+03
4.94602303e+01
1.33127957e+03
1.22785947e+02
4.31830890e+01
2.44936500e+01
6.89379689e+01
9.50324070e+01
2.22186897e+02
2.48101058e+01
3.95534093e+02
3.36016800e+02
3.22452036e+00
8.34566695e+01
2.76518774e+01
2.17200312e+01
1.67447753e+02
1.35235277e+01
9.86677486e+01
4.54177230e+01
5.39466579e+03
7.74706030e+01
9.99988096e+02
2.42228496e+01
4.06035234e+02
1.32817665e+01
2.23064247e+00
5.75039003e+01
3.21577279e+01
1.08706427e+02
4.19145484e+00
7.61032269e+00
1.68883650e+03
2.18805646e+01
7.89316193e+02
1.21378502e+02
1.56275994e+02
1.50228035e+02
7.72982497e+00
5.30116104e+01
3.30078047e+01
5.48879061e+01
2.64511666e+01
1.24262937e+01
1.80394690e+01
4.65285890e+00
3.03524902e+00
1.08644985e+02
3.51415430e+03
2.05795879e+01
6.75021998e+02
7.16011947e+00
4.54763486e+01
2.49187620e+01
8.28711466e+02
5.46937081e+00
3.75073561e+01
3.75341572e+00
7.31039747e+00
1.63657174e+01
3.76628868e+02
2.09253999e+00
3.15249681e+01
4.04953145e+00
1.16851434e+03
2.70295657e+02
4.07905334e+01
2.02705034e+02
1.40742428e+01
2.42458352e+02
2.43521235e+01
1.48936542e+03
8.14932858e+01
1.51931027e+03
7.09104770e+00
3.15008794e+01
4.68533442e+01
6.35094131e+01
1.29142446e+02
5.12980309e+02
1.48180753e+02
2.74096915e+01
2.11755164e+01
2.39524153e+00
2.30407429e+02
4.58054066e+01
5.10547198e+03
1.29738506e+01
6.23153713e+02
8.43720162e+02
6.33763475e+01
1.38278185e+01
7.20385817e+02
2.37242108e+03
3.00550298e+01
5.12115040e+01
5.90224319e+02
1.66331383e+00
9.02353372e+01
1.26043294e+00
7.63059923e+00
1.28254613e+02
1.99882170e+02
1.09168110e+03
8.96875867e+00
6.20401954e+00
1.73199879e+02
6.05499706e+02
2.49744946e+02
2.07299060e+01
1.85119854e-01
1.77050977e+01
1.33605227e+01
1.87168457e+01
3.90378093e+01
3.90322119e+01
7.49013917e+00
1.26673583e+01
4.51504358e+01
2.17581144e+02
3.17619723e+02
1.63250850e+02
1.04799278e+02
1.69114225e+01
2.40453556e+02
5.14628524e+01
1.72146903e+02
4.37882965e+01
1.65858769e+01
2.30102100e+03
2.13326552e+01
5.54327702e+02
6.00943133e+02
2.31703848e+01
2.92026479e+01
6.91184373e+00
1.90052745e+01
3.80645054e+02
6.92491449e+00
2.49816213e+02
1.67014290e+00
1.27067067e+02
1.53462543e+02
1.12326309e+01
7.05833871e+01
1.19796765e+02
3.19051077e+02
4.03266584e+00
3.73512873e+00
1.96636263e+02
2.88586658e+01
7.07109871e+00
6.24191118e+01
1.42329292e+02
6.11658181e+01
1.45200861e+01
1.81956125e+02
5.70179173e+03
4.84528628e+01
7.15602124e+00
2.46985228e+02
2.77563546e+01
1.33142972e+03
1.50911984e+01
1.87134356e+02
6.90041525e+02
3.43547859e+02
3.23453802e+00
1.30908101e+00
2.06501955e+01
1.21059056e+02
1.75115077e+02
1.78089300e+01
2.43844256e+01
3.98670472e+01
1.22887951e+01
1.62346051e+01
6.99797294e+01
8.86035803e-01
3.75483514e+00
1.08062934e+02
3.55423194e+00
7.77745468e+01
1.03460407e+02
4.50833005e+00
9.42916555e+01
2.08313606e+02
1.47793457e+02
2.49554543e+01
8.09475462e+01
1.13632189e+02
1.22352449e+01
3.67427214e+02
1.57601688e+01
1.85433092e+01
7.92690347e+01
1.27361822e+02
1.64958762e+01
1.89771915e+01
1.28881705e+02
6.80728888e+01
2.03700616e+01
8.98044903e+00
2.24214603e+01
2.17210142e+01
2.70415370e+01
2.86583417e+02
1.16397503e+01
6.33344739e+02
2.00626037e+00
1.11541311e+01
6.14731241e+01
1.12036835e+01
1.69639356e+02
1.35832960e+01
5.59298467e+01
1.97277965e+01
7.69368384e+01
1.43618277e+00
2.34223654e+01
3.52706045e+00
5.22836302e+01
8.07733735e+00
7.90078954e-01
6.37280056e+01
8.08133651e+00
2.30720786e+02
6.19031783e+00
5.16671468e+03
2.80784212e+01
1.51300332e+02
1.91900781e+02
8.31949911e+01
1.02433368e+01
2.83793902e+01
3.00749110e+02
2.34894090e+00
1.64051667e+03
1.43153867e+03
1.54780116e+02
3.28233282e+01
2.10857830e+00
2.77466500e+00
1.58935113e+00
1.22244978e+03
7.57383604e+01
6.17091196e+00
2.71125605e+03
1.84904868e+02
4.96423594e+01
1.25733767e+01
7.43439008e+00
2.58158463e+03
3.10334026e+03
2.17715673e+01
1.17985669e+02
5.55758871e+00
3.43564956e+01
5.79681100e+02
1.24693045e+01
1.16260075e+02
1.30705250e+02
3.64259085e+02
8.52624256e+01
5.34490960e+02
2.13940180e+04
1.16436821e+03
1.18560852e+01
1.84471661e+02
2.45572320e+02
3.21149853e+03
5.30889617e+00
2.67912923e+02
1.30769664e+03
8.39267292e+01
6.03753325e+02
1.95589403e+01
6.18154441e+02
1.04167724e+02
5.11342378e+00
1.45495982e+02
7.17140864e+00
2.41320686e+02
2.82711735e+00
4.20669352e+01
8.50974509e+01
2.05404134e+02
2.65293882e+01
5.25788083e+01
3.33527660e+00
1.80370162e+02
9.84536072e-01
1.32862639e+00
3.79886451e+00
2.80292269e+00
9.70804146e+01
4.19524635e+00
6.67776825e+01
2.60191087e+00
9.06142899e+01
2.46060325e+01
1.53175900e+03
7.02250587e+01
9.72423277e+00
1.12295531e+01
8.04529536e+01
1.58842537e+01
1.69858484e+01
3.42755813e+03
1.69229281e+01
9.35330659e+01
5.29023251e+03
1.50949125e+02
2.02881320e+01
5.26225215e+01
3.10583590e+02
7.40527760e+01
1.45862010e+00
5.01331283e+03
1.50839283e+00
1.09691219e+02
4.91409473e+02
5.76021609e+01
1.77490164e+01
2.74651798e+02
2.57921104e+01
2.84871778e+01
1.24860594e+02
7.33964678e+00
8.38542561e+00
1.46192360e+02
5.41362478e+01
6.60379294e+01
1.30854315e+02
9.51899890e+00
3.87460912e+02
6.49191848e+02
1.64870974e+00
1.41545763e-01
3.88298304e+00
2.17512212e+01
1.61508761e+01
2.08107992e+02
2.06116492e+01
1.25342372e+02
1.06030752e+02
7.29274750e+01
1.47233855e+02
5.30017769e-01
1.29291996e+00
4.86946297e+00
2.41702715e+02
1.76453986e+02
5.88249837e+01
5.92078884e+00
7.28503109e+01
1.67734571e+03
6.41072218e+01
2.00753409e+00
2.56528352e+02
3.34682162e+00
2.99177166e+01
1.10974054e+01
3.10826744e+01
1.45200318e+00
2.98034809e+02
1.55740013e+01
3.18137053e+01
2.52337142e+00
1.42703371e+03
1.56717240e+01
1.32395441e+01
1.96669933e+02
7.09645844e-01
2.43839914e+01
1.70065665e+02
7.94365392e+01
2.53661516e+02
1.49485076e+01
2.72578787e+02
8.77526947e+02
8.32187594e-01
1.81171161e+02
2.44026161e+03
8.67479212e+01
5.40631797e+01
1.13955156e+01
3.60217861e+02
5.99298666e+02
4.33256987e+01
1.76195052e+01
1.70020522e+02
6.96263749e+03
2.85082720e+01
3.43767069e+00
1.16107585e+00
7.49618214e+02
1.47340386e+00
4.87156472e+01
1.22350243e+02
1.89468543e+01
1.15299546e+01
3.44462349e+01
2.71170839e+01
2.92535281e+02
7.56653421e+01
4.17649834e+01
2.25132512e+01
5.20527796e+01
6.95781712e+00
1.52540587e+03
4.76919603e+00
7.46885696e+02
1.14025952e+01
2.01676186e+02
9.23248379e+00
6.77124067e+02
5.64434421e+00
2.21225820e+01
1.19425005e+02
1.16922891e+01
7.72432743e+00
4.03597306e+02
2.05930056e+00
3.12797127e+01
2.99496680e+01
3.29794066e+02
8.32608594e-01
7.85062304e+01
7.97032932e+01
1.99514452e+01
7.95345945e+01
2.35070298e+02
1.63390079e+01
5.12975442e+00
1.09558946e+01
1.52217703e+03
4.73404537e+01
3.76844444e+02
1.14244837e+03
4.08783540e+02
1.82175351e+00
2.74889994e+01
1.83832725e+01
8.42850244e+01
3.40583386e+02
3.60481557e+01
4.86288051e+03
5.86585603e+02
1.78721829e+03
5.00547328e+01
1.30471416e+02
2.77062568e+00
7.43605210e+01
1.71457413e+02
1.97243292e+01
3.94130978e+03
7.87981039e+02
5.97109949e+00
8.01258988e+00
4.64763579e+01
1.20673934e+02
2.67217024e+00
3.07447922e+01
1.71240242e+01
1.56760395e+01
3.40381984e+01
9.25600157e+01
1.44055297e+01
1.98961541e+03
2.00800534e+00
9.96711730e+01
9.22614060e+01
1.56642115e-01
5.02335143e+01
6.99582587e+02
3.15788250e+01
4.21970533e+01
3.81442043e+01
7.59233435e+01
2.90888416e+02
2.72182291e+02
6.39863843e+02
3.10440133e+01
1.15229183e+03
1.78146956e+01
7.70703571e-01
7.50448377e+02
1.85834012e+00
3.09531510e+00
4.25442697e+01
1.22724403e+01
9.29730161e+01
6.52592453e+01
1.41220535e+02
1.79578080e+02
1.17087339e+01
9.90933396e+00
4.16657030e+02
1.52596661e+00
4.97034084e+02
8.45394978e+01
8.25857324e+00
3.18229374e+00
1.12368283e+02
8.51454923e+01
1.16334947e+02
2.49702165e-01
9.01475961e+00
2.37974011e+02
2.13997644e+02
1.18761233e+02
4.17715122e+01
6.72703987e+01
2.18929074e+01
1.64266246e+02
3.91672175e+01
1.96886441e+01
1.03209154e+01
2.90676958e+02
2.64254994e+01
6.70564227e+01
1.11239213e+02
5.97746079e+02
3.96338015e+00
1.99272332e+00
4.19496519e+01
7.90028487e+01
8.56710444e+01
1.16772143e+03
1.39648415e+00
2.74983404e+02
1.59889904e+01
1.73107055e+02
3.19538876e+01
1.78998272e+01
1.48401026e+00
5.29978543e+00
9.83040037e+00
6.10356902e+02
2.03442286e+02
3.42583965e+00
9.80035835e+00
3.80741564e+01
5.93423318e+01
3.88867578e+02
7.05040536e+01
3.27917034e+00
2.93789431e+01
2.63085557e+01
1.48618805e+01
1.64950294e+01
7.08339384e+00
2.08456363e+02
5.28364909e+02
3.25194807e+01
3.97617829e+00
6.82958548e+01
5.36849573e+00
7.64052781e+01
4.82933700e+02
1.52460154e+01
6.13632345e+00
2.49489038e+02
2.31147269e+01
4.46195546e+00
1.86940594e+03
3.99171586e+00
3.39265089e+02
9.92757181e+00
5.12930477e-01
2.80489780e+01
1.28675744e+03
2.64481711e+01
1.15808238e+03
2.23272975e+01
1.41964234e+01
2.88462936e+02
3.77055934e+01
2.58755695e+02
2.87445138e+01
5.77537020e+01
5.75337733e+00
1.60323280e+02
1.04869113e+05
3.15566401e+01
4.92937007e+01
1.04205048e+03
2.42010012e+02
1.13284142e+02
7.57963637e+00
9.67692470e+01
4.96146962e+02
1.82329125e+01
1.53436211e+02
3.47100385e-01
7.25269336e+01
6.66039711e+01
2.85885779e+01
1.72342816e+01
1.57889418e+02
1.08858584e+02
8.93121547e+01
1.30099306e+03
2.90253432e+01
4.28049031e+00
9.59816364e+00
6.35824753e+01
7.84328817e+00
1.07715931e+02
5.47195755e-01
1.37778147e+01
2.61893973e-01
2.32172222e+02
2.30470584e+01
6.75705506e+01
1.51999794e+02
7.61857825e+02
1.19685212e+01
2.37057045e+01
6.94374867e+02
3.41752051e+03
3.01291827e+02
3.41351478e+02
2.27234408e+02
6.15467606e+02
4.47308045e+01
2.66477510e+01
3.55803162e+01
2.37274596e+01
3.19707701e+01
2.74102515e+01
9.91958573e+00
2.22988481e+02
2.12690369e+01
2.48751506e+02
4.20650320e+01
1.20859807e+01
5.48072678e+01
8.91234908e-01
1.73027606e+03
1.11673959e+01
2.88871679e+01
2.13368777e+01
3.37246771e+02
9.56849321e+00
4.10014941e+02
1.07064984e+01
1.98149111e+01
2.22013493e+02
5.19434686e+01
2.85909103e+01
6.51301643e+00
3.05898472e+01
4.56972244e-01
2.39780070e+02
5.75484133e+00
8.24225291e+01
6.24003093e+01
2.71278151e+02
2.74640873e+01
5.50529782e+01
5.40512783e+00
7.85325660e+01
1.14766121e+02
7.66194974e+00
6.59489053e+02
1.11048356e+01
3.28821870e+02
4.10557743e+01
2.38346318e+02
1.34281796e+01
6.02949957e+02
4.17458073e+02
4.75645473e+01
1.88891474e+01
