 1.00041697e+00 1.19523240e+00
 1.60440781e+00 5.21831319e-01
 1.06642003e+00 1.19792623e+00
 1.35804451e+00 1.03532755e+00
 1.56500433e+00 7.28321642e-01
 1.57592776e+00 6.59154105e-01
 1.07805569e+00 5.60586042e-01
 1.43788185e+00 5.44848667e-01
 1.55769717e+00 9.74790790e-01
 1.41661612e+00 1.23725310e+00
 1.52220637e+00 5.54980938e-01
 1.13878776e+00 6.46273641e-01
 1.25605274e+00 5.57339320e-01
 1.42024230e+00 1.03994265e+00
 2.08141152e+00 7.61100542e-01
 2.04524175e+00 5.27519055e-01
 1.36323341e+00 1.26540182e+00
 1.38008385e+00 8.73384010e-01
 2.10752025e+00 9.92287849e-01
 2.12083089e+00 8.62049441e-01
 1.70651004e+00 1.03907563e+00
 1.49282566e+00 9.10995567e-01
 2.15310224e+00 9.31294921e-01
 1.35693058e+00 7.25606028e-01
 2.23297410e+00 1.19381274e+00
 2.10867039e+00 8.64419220e-01
 1.60771352e+00 6.70388198e-01
 1.66802522e+00 7.75179533e-01
 2.11414690e+00 6.01407926e-01
 1.77223667e+00 6.38975131e-01
 1.78841559e+00 1.17122063e+00
 1.87503710e+00 9.73234865e-01
 2.19405692e+00 3.34612972e-01
 1.67145092e+00 5.19791567e-01
 1.37358952e+00 5.69728911e-01
 1.48246855e+00 5.18824421e-01
 2.14554380e+00 1.18726973e+00
 1.97711318e+00 8.19260508e-01
 1.77626459e+00 7.56213772e-01
 2.25829515e+00 9.87018353e-01
 1.76451590e+00 6.54588508e-01
 1.44953027e+00 3.89888637e-01
 1.95007704e+00 8.86169013e-01
 2.00140097e+00 1.12934616e+00
 1.60129107e+00 5.50486924e-01
 1.62988836e+00 3.61010291e-01
 1.57827271e+00 1.22281830e+00
 2.37618661e+00 4.87403429e-01
 2.07360440e+00 5.00164573e-01
 1.54535291e+00 9.09472579e-01
 1.51158190e+00 7.36015464e-01
 2.33089092e+00 1.30119638e+00
 1.54878208e+00 1.36772054e+00
 2.23908452e+00 5.40584220e-01
 2.44266558e+00 1.18943098e+00
 2.31079864e+00 1.25352672e+00
 1.84576384e+00 9.04106971e-01
 2.01485850e+00 9.85481673e-01
 1.65352548e+00 6.68141597e-01
 2.47705762e+00 1.21516614e+00
 2.01442383e+00 5.03446247e-01
 2.08712780e+00 6.44062904e-01
 1.81237793e+00 1.16477651e+00
 2.37122411e+00 1.32970871e+00
 2.10722069e+00 1.19982034e+00
 2.20710669e+00 1.21672735e+00
 1.88854780e+00 1.11148487e+00
 2.66976303e+00 1.19305512e+00
 2.02824744e+00 7.54995531e-01
 1.86514591e+00 6.85614021e-01
 2.13109591e+00 4.36747615e-01
 1.88927136e+00 6.96826838e-01
 2.25897051e+00 4.60436469e-01
 1.86549872e+00 1.21403022e+00
 2.48252750e+00 7.08364970e-01
 2.20231705e+00 9.11365152e-01
 2.07476643e+00 5.85952534e-01
 2.60845663e+00 1.14080161e+00
 2.70683557e+00 6.51335448e-01
 2.32624334e+00 4.76121730e-01
 2.37515372e+00 1.42795709e+00
 2.27317239e+00 9.23628208e-01
 2.55747606e+00 7.18995876e-01
 1.85667652e+00 9.01522782e-01
 1.84491883e+00 6.33152426e-01
 2.57442497e+00 1.06903329e+00
 2.39372795e+00 1.41302548e+00
 1.89661128e+00 9.33888654e-01
 2.35042604e+00 6.82470565e-01
 2.16822309e+00 1.03785657e+00
 2.04189403e+00 1.14906134e+00
 2.84033055e+00 1.04212696e+00
 1.97400099e+00 1.46133072e+00
 2.21455552e+00 9.18752795e-01
 2.19142708e+00 6.30535115e-01
 2.18120929e+00 1.34335624e+00
 2.32625101e+00 1.33514814e+00
 2.87736419e+00 6.69819580e-01
 2.74391297e+00 1.20787785e+00
 2.98215637e+00 1.01953602e+00
 2.28007616e+00 1.23896373e+00
 2.54770173e+00 7.79348808e-01
 2.22566655e+00 6.15138892e-01
 2.82450392e+00 6.91980959e-01
 2.83142441e+00 5.42564134e-01
 2.72057409e+00 8.25535790e-01
 2.90197014e+00 1.15299150e+00
 2.17047071e+00 1.08457178e+00
 2.61442160e+00 1.42620533e+00
 3.02774437e+00 1.31803984e+00
 2.83639389e+00 1.07889484e+00
 2.64202567e+00 7.22804110e-01
 2.44147283e+00 7.00723462e-01
 2.47652529e+00 1.24688992e+00
 2.86021262e+00 1.03375203e+00
 2.87572280e+00 8.24226837e-01
 2.92978059e+00 1.49816032e+00
 2.18466013e+00 5.96060712e-01
 2.87311241e+00 1.19807617e+00
 2.94217647e+00 8.74840419e-01
 2.28596266e+00 1.18669120e+00
 2.67420656e+00 1.46802305e+00
 2.89679756e+00 7.36048463e-01
 2.50656646e+00 8.86925315e-01
 2.66426673e+00 6.90081428e-01
 3.20898435e+00 1.31904614e+00
 2.69512492e+00 6.55350806e-01
 2.45692415e+00 7.39803966e-01
 2.97970827e+00 1.04086576e+00
 2.59642368e+00 1.15356332e+00
 2.83201505e+00 1.06413880e+00
 2.60441889e+00 1.15347068e+00
 3.20262198e+00 1.04130722e+00
 2.74850311e+00 1.44141555e+00
 2.91615785e+00 1.50666801e+00
 3.20964833e+00 5.56053804e-01
 2.43578864e+00 6.76405621e-01
 2.49814701e+00 1.15831180e+00
 2.61234619e+00 1.53656421e+00
 2.83024837e+00 1.31664950e+00
 3.32018575e+00 8.49598851e-01
 3.09534299e+00 9.05648902e-01
 3.28171709e+00 1.44874635e+00
 3.31023443e+00 9.84966699e-01
 2.56117433e+00 9.39887208e-01
 2.79689163e+00 1.36363589e+00
 2.77692559e+00 1.04980812e+00
 3.23294389e+00 1.18676625e+00
 2.78160345e+00 1.00167292e+00
 2.94030578e+00 1.47313873e+00
 3.04789236e+00 1.06393456e+00
 2.88522836e+00 6.08495531e-01
 2.53269864e+00 1.25319515e+00
 2.92107260e+00 7.45693034e-01
 3.06238134e+00 1.35096878e+00
 2.99284280e+00 1.17954994e+00
 2.76527642e+00 6.05534219e-01
 2.61583214e+00 8.30547693e-01
 3.45694090e+00 1.06248238e+00
 2.78707272e+00 7.06417172e-01
 3.16881186e+00 7.90107372e-01
 3.19955374e+00 8.93857910e-01
 3.22806857e+00 1.52085309e+00
 3.42236043e+00 1.57312494e+00
 3.23311301e+00 1.13827957e+00
 3.20772748e+00 8.08773116e-01
 3.38308917e+00 1.18897201e+00
 2.96125202e+00 7.94303863e-01
 3.46980698e+00 9.27663929e-01
 3.55625572e+00 1.36558951e+00
 3.36977633e+00 9.04847404e-01
 2.94487112e+00 1.55482203e+00
 2.76220944e+00 1.25275401e+00
 3.28671936e+00 1.12102957e+00
 3.10828372e+00 1.46039346e+00
 3.21955909e+00 9.74410514e-01
 2.91124515e+00 6.77135059e-01
 2.99177678e+00 1.00059151e+00
 3.07760326e+00 8.31147746e-01
 3.63544725e+00 7.81604958e-01
 2.91901730e+00 8.29473556e-01
 3.12149048e+00 8.09405958e-01
 2.92243639e+00 1.23937913e+00
 2.94079441e+00 9.86210077e-01
 3.26473236e+00 7.67220500e-01
 2.97136896e+00 7.93442370e-01
 3.53507748e+00 1.13216721e+00
 3.83198673e+00 1.60037746e+00
 3.43035482e+00 7.10490145e-01
 3.68064238e+00 1.05547221e+00
 2.91922628e+00 1.54319441e+00
 3.62328785e+00 1.06710550e+00
 3.25202793e+00 1.03257361e+00
 3.09645310e+00 1.51660370e+00
 3.34083470e+00 9.97460762e-01
 3.06156979e+00 9.15640377e-01
 3.58577626e+00 8.16492025e-01
 3.75556292e+00 1.02661507e+00
 3.25488505e+00 1.42151456e+00
 3.67651620e+00 1.53693085e+00
 3.45322731e+00 6.99127842e-01
 3.28624707e+00 8.83002896e-01
 3.07968331e+00 1.50948022e+00
 3.76817061e+00 1.45315642e+00
 3.17166510e+00 1.06339319e+00
 3.57562159e+00 1.12030566e+00
 3.97069431e+00 8.26648811e-01
 4.05930387e+00 1.07814298e+00
 3.60822481e+00 1.06558262e+00
 3.54599647e+00 9.38778284e-01
 3.33012350e+00 1.46434415e+00
 3.75983542e+00 1.58515326e+00
 3.55632782e+00 8.93025108e-01
 3.96165128e+00 8.53124837e-01
 3.38978957e+00 1.55950827e+00
 3.60660054e+00 1.48909162e+00
 3.19731341e+00 1.02619080e+00
 3.77894367e+00 9.32919364e-01
 3.80166939e+00 7.48833587e-01
 4.00885858e+00 1.07411275e+00
 3.64186067e+00 7.68160308e-01
 3.49018120e+00 1.62779802e+00
 3.35644391e+00 1.06108606e+00
 3.92715064e+00 1.57694505e+00
 4.05669185e+00 1.16348214e+00
 3.97057998e+00 1.67692341e+00
 3.58674872e+00 7.88374575e-01
 3.58478268e+00 9.73176175e-01
 3.55191947e+00 1.58551646e+00
 3.81225197e+00 1.59646163e+00
 3.48929725e+00 1.51350820e+00
 3.46028851e+00 8.72172062e-01
 4.15467527e+00 1.21047411e+00
 4.07843385e+00 1.41908623e+00
 4.10490348e+00 1.07685930e+00
 3.86656214e+00 7.62143522e-01
 3.61456042e+00 1.43134381e+00
 3.42453524e+00 8.55811663e-01
 4.24944025e+00 1.61402861e+00
 4.28388630e+00 1.39034759e+00
 4.23191618e+00 1.15766237e+00
 3.59769441e+00 1.40380161e+00
 3.50851317e+00 9.74306609e-01
 3.58521689e+00 1.10031529e+00
 4.39241160e+00 1.66670589e+00
 4.04677614e+00 1.16565300e+00
 4.02056576e+00 1.30496915e+00
 4.33569779e+00 7.84798217e-01
 4.17833452e+00 1.54307516e+00
 4.24383599e+00 1.51088011e+00
 3.81679790e+00 1.34365272e+00
 3.71353740e+00 1.14504959e+00
 4.43706326e+00 8.28333219e-01
 4.08327500e+00 9.97423572e-01
 4.19556375e+00 1.45632775e+00
 4.05951044e+00 1.50070690e+00
 4.23927081e+00 8.45332261e-01
 4.13994090e+00 1.72161248e+00
 4.42060042e+00 1.23446709e+00
 3.99134384e+00 9.77856218e-01
 4.51371402e+00 1.39469194e+00
 3.77662828e+00 9.04286249e-01
 4.16323759e+00 1.37357649e+00
 3.98765406e+00 1.65873332e+00
 3.65578601e+00 1.74099771e+00
 4.61362078e+00 1.13774042e+00
 4.50737682e+00 1.06857150e+00
 4.28941506e+00 1.75191817e+00
 4.29379862e+00 1.49182426e+00
 4.42293548e+00 1.30789778e+00
 3.91552730e+00 1.04261914e+00
 4.33834026e+00 1.46320152e+00
 4.70964477e+00 1.03246430e+00
 4.60731101e+00 1.59293631e+00
 3.80445456e+00 9.74445157e-01
 4.09827983e+00 1.58381178e+00
 4.02602758e+00 1.23193879e+00
 4.42737621e+00 1.18490593e+00
 4.00205406e+00 1.70120168e+00
 4.53977247e+00 1.42237887e+00
 3.94479697e+00 8.69811742e-01
 3.83962283e+00 1.68973961e+00
 3.96876344e+00 1.25461553e+00
 4.09352048e+00 9.98873943e-01
 4.42602555e+00 1.29094729e+00
 4.16066444e+00 1.13506759e+00
 4.62223239e+00 1.34715675e+00
 4.71039715e+00 1.37571299e+00
 4.15229248e+00 1.18622563e+00
 4.00120984e+00 1.38203581e+00
 3.94052528e+00 1.82061533e+00
 4.53583893e+00 1.45434438e+00
 4.49917305e+00 1.56520525e+00
 4.44776344e+00 8.58027819e-01
 4.54626836e+00 1.55431736e+00
 4.02528520e+00 1.33925973e+00
 4.00387647e+00 1.51522189e+00
 4.85291359e+00 1.16753295e+00
 4.32280416e+00 1.18573183e+00
 4.60461973e+00 8.79843215e-01
 4.33375963e+00 1.00076978e+00
 4.92083574e+00 1.03721450e+00
 4.48267570e+00 9.87895351e-01
 4.91954073e+00 1.05942533e+00
 4.15164762e+00 1.12541050e+00
 4.39272645e+00 1.74977677e+00
 4.40063345e+00 1.25685720e+00
 4.75766811e+00 1.78242189e+00
 4.40229979e+00 1.25069168e+00
 4.27165177e+00 1.85178928e+00
 4.12974019e+00 1.25561465e+00
 4.33746311e+00 1.59302850e+00
 4.84041443e+00 9.63260893e-01
 4.46173031e+00 1.39603762e+00
 4.54907591e+00 1.76786489e+00
 4.65286492e+00 1.11942206e+00
 4.27074606e+00 1.33072368e+00
 4.60848515e+00 1.70662785e+00
 4.35126268e+00 1.05606164e+00
 4.62299081e+00 1.53059421e+00
 4.67736698e+00 1.36273583e+00
 4.58520156e+00 1.35005680e+00
 4.24748132e+00 1.47540287e+00
 4.84136771e+00 9.96880122e-01
 4.41352176e+00 1.41873431e+00
 5.19521782e+00 1.05104983e+00
 4.71115676e+00 1.59367114e+00
 4.66717660e+00 1.09798066e+00
 4.97615963e+00 1.50164068e+00
 4.35789795e+00 1.72102420e+00
 4.68052692e+00 1.32238480e+00
 4.71117701e+00 1.53672697e+00
 4.59743655e+00 1.46011628e+00
 4.47569121e+00 1.00584594e+00
 5.02964046e+00 1.02286372e+00
 4.48477623e+00 1.71122734e+00
 4.86709777e+00 1.56159365e+00
 4.55150372e+00 1.57815562e+00
 4.45792824e+00 1.24364893e+00
 5.32511408e+00 1.50536343e+00
 5.05385894e+00 1.13760063e+00
 4.61153064e+00 1.06646390e+00
 4.65562437e+00 1.83694414e+00
 5.07978198e+00 1.16468894e+00
 5.08377093e+00 1.57936494e+00
 5.18965338e+00 1.15100450e+00
 4.61350318e+00 1.48851370e+00
 5.08857938e+00 9.17078019e-01
 4.61657474e+00 1.24119013e+00
 5.44555846e+00 1.65645874e+00
 5.44263265e+00 1.30774806e+00
 5.44028539e+00 1.66972668e+00
 4.92378769e+00 1.43493173e+00
 4.71476978e+00 9.10087173e-01
 4.74083628e+00 1.74972764e+00
 5.24494388e+00 1.57719835e+00
 5.06358774e+00 9.34924791e-01
 4.61230800e+00 1.23315352e+00
 5.05319116e+00 1.44998973e+00
 5.35918827e+00 1.57297244e+00
 4.74671576e+00 1.37911716e+00
 5.56563228e+00 1.06545433e+00
 5.21031819e+00 1.38694764e+00
 5.24465159e+00 1.43200360e+00
 4.93359379e+00 1.73632890e+00
 5.36322551e+00 1.23464646e+00
 5.34445924e+00 9.40230652e-01
 5.65470663e+00 1.02422226e+00
 5.07532444e+00 1.47340888e+00
 5.28372913e+00 1.70487285e+00
 4.72288899e+00 1.37823440e+00
 5.44661799e+00 1.48947903e+00
 5.67154515e+00 1.64531325e+00
 5.56686192e+00 1.35020833e+00
 4.77139472e+00 1.91059222e+00
 4.94589862e+00 1.67350477e+00
 5.15288146e+00 1.08936043e+00
 5.76852690e+00 1.21928641e+00
 5.13640481e+00 1.03273257e+00
 4.85442381e+00 1.29760356e+00
 5.30728413e+00 1.54935717e+00
 5.41220227e+00 1.31129373e+00
 5.33734629e+00 1.23128589e+00
 5.29840376e+00 1.21496732e+00
 5.39678169e+00 1.85060749e+00
 5.47321123e+00 1.03970223e+00
 5.48535546e+00 1.25315902e+00
 5.70217236e+00 1.90722787e+00
 5.42723264e+00 1.33377465e+00
 5.24151542e+00 1.78224016e+00
 5.30212869e+00 1.69287557e+00
 5.80668982e+00 1.67789424e+00
 5.48284687e+00 1.72121237e+00
 5.24726880e+00 1.86180099e+00
 5.45786289e+00 1.66122557e+00
 4.99026857e+00 9.94205810e-01
 5.83534986e+00 1.64973382e+00
 5.07985552e+00 1.73052171e+00
 5.19301674e+00 1.44803847e+00
 5.85338359e+00 1.08366759e+00
 5.80463430e+00 1.84963926e+00
 5.59575372e+00 1.10215361e+00
 5.55599846e+00 1.10347044e+00
 5.08881583e+00 1.39063701e+00
 5.80681390e+00 1.10156650e+00
 6.01101963e+00 1.82272165e+00
 5.69529063e+00 1.48369758e+00
 5.42024429e+00 1.48163750e+00
 5.54727998e+00 1.64040185e+00
 5.83425453e+00 1.41710264e+00
 5.43492727e+00 9.94898001e-01
 5.78314673e+00 1.82960040e+00
 5.89355514e+00 1.01756156e+00
 5.76165622e+00 1.91748320e+00
 6.13983087e+00 1.70418400e+00
 5.47521528e+00 1.86391754e+00
 5.75408643e+00 1.91525645e+00
 5.78219539e+00 1.89031034e+00
 5.22868267e+00 1.38511225e+00
 6.07655007e+00 1.39297749e+00
 5.22778464e+00 1.88931577e+00
 6.13302192e+00 1.89683225e+00
 6.01471515e+00 1.70035212e+00
 5.69699913e+00 1.78534172e+00
 5.99294835e+00 1.09839039e+00
 5.96841457e+00 1.12998934e+00
 5.54929596e+00 1.59385197e+00
 5.66427529e+00 1.87621161e+00
 6.27114727e+00 1.96207417e+00
 5.99858399e+00 1.92244644e+00
 5.57851513e+00 1.56311676e+00
 5.93846635e+00 1.03646416e+00
 6.26350326e+00 1.89975673e+00
 5.85809830e+00 1.46952137e+00
 6.07600172e+00 1.29553364e+00
 5.64057167e+00 1.75841956e+00
 6.28058121e+00 1.69468287e+00
 6.23021964e+00 1.82678116e+00
 5.44802188e+00 1.70044112e+00
 5.91676596e+00 1.36998134e+00
 5.97160243e+00 1.62124822e+00
 5.78560435e+00 1.77202574e+00
 5.88885049e+00 1.74272912e+00
 6.35285089e+00 9.86415912e-01
 6.23834029e+00 1.84872476e+00
 5.64332657e+00 1.27155338e+00
 6.35299057e+00 1.14381454e+00
 5.96077514e+00 1.77265891e+00
 5.87271928e+00 9.80814116e-01
 5.86168593e+00 1.05422986e+00
 5.96707596e+00 1.33820858e+00
 6.37659723e+00 1.37149243e+00
 6.51916299e+00 1.24112054e+00
 5.64121886e+00 1.06950215e+00
 5.95743130e+00 1.47216127e+00
 6.48409665e+00 1.57901801e+00
 6.50035316e+00 1.66814336e+00
 6.46942252e+00 1.55074108e+00
 6.44137778e+00 1.53110586e+00
 6.22448033e+00 1.54019654e+00
 5.95664098e+00 1.41655901e+00
 5.97742285e+00 1.62388954e+00
 5.96459550e+00 1.57885425e+00
 6.44085568e+00 1.73370137e+00
 6.56526396e+00 1.00178977e+00
 6.40627873e+00 1.28247254e+00
 6.51828336e+00 1.63796198e+00
 6.64591839e+00 1.77687287e+00
 5.75067319e+00 1.65235370e+00
 6.39546563e+00 1.18642341e+00
 5.97076566e+00 1.82672292e+00
 6.62370745e+00 1.37879099e+00
 6.59203060e+00 1.22710123e+00
 5.81289928e+00 1.40713764e+00
 6.16519471e+00 1.76438073e+00
 5.94710732e+00 1.75929937e+00
 6.54557289e+00 1.27306990e+00
 5.93417364e+00 1.25827080e+00
 6.64038511e+00 1.90815816e+00
 6.47935994e+00 1.43832660e+00
 6.41108785e+00 1.90601271e+00
 6.57493508e+00 1.59599017e+00
 6.49399687e+00 1.81661411e+00
 5.83662963e+00 1.23914411e+00
 6.03997850e+00 1.25313603e+00
 6.53992914e+00 1.08765120e+00
 6.57411294e+00 1.80851915e+00
 6.12238520e+00 1.42790126e+00
 6.77241174e+00 1.93290525e+00
 6.04721346e+00 1.64498315e+00
 5.91563075e+00 1.70798248e+00
 6.65956384e+00 1.34296994e+00
 6.19425971e+00 1.09705981e+00
 6.16260010e+00 1.64738635e+00
 6.54096604e+00 1.89687200e+00
 6.58708653e+00 1.86939932e+00
 6.67493104e+00 1.58236448e+00
 6.28485727e+00 1.39185468e+00
 6.47658155e+00 1.90914915e+00
 6.30815422e+00 1.73719242e+00
 6.31845416e+00 1.84785191e+00
 6.25022845e+00 1.13644338e+00
 6.14499208e+00 1.19758115e+00
 6.24377480e+00 1.99435940e+00
 6.86092406e+00 1.96438739e+00
 6.44406196e+00 1.48220153e+00
 6.78865702e+00 1.80218589e+00
 6.40853284e+00 1.61437755e+00
 6.25269861e+00 1.80326839e+00
 6.72208231e+00 1.02371460e+00
 6.61362653e+00 1.18973017e+00
 6.32849248e+00 1.80908805e+00
 7.02120477e+00 1.71406847e+00
 6.14849164e+00 1.52665701e+00
 6.75162872e+00 1.91677775e+00
 7.13813695e+00 1.64331858e+00
 6.28226100e+00 1.17413134e+00
 6.81907303e+00 1.06090945e+00
 7.02281767e+00 1.80044737e+00
 6.70718077e+00 1.78970649e+00
 6.67705559e+00 1.41237510e+00
 6.38491478e+00 1.08813905e+00
 6.92576521e+00 1.47030343e+00
 6.29834829e+00 1.81216997e+00
 7.17621129e+00 1.40886277e+00
 7.04389057e+00 1.18501616e+00
 6.69018119e+00 1.57677420e+00
 7.11240286e+00 1.77217154e+00
 6.70713574e+00 1.72240246e+00
 7.14274532e+00 1.86067557e+00
 6.35189788e+00 1.00228551e+00
 6.80025402e+00 1.10999681e+00
 7.24611449e+00 1.58091174e+00
 6.61618007e+00 1.79655604e+00
 6.53402376e+00 1.66807516e+00
 7.15478504e+00 1.58354079e+00
 6.65705014e+00 1.26760064e+00
 7.01843049e+00 1.97299593e+00
 7.06969090e+00 1.62464917e+00
 7.03880864e+00 1.32427070e+00
 7.27800984e+00 1.27001477e+00
 7.20261622e+00 1.68666849e+00
 6.72908403e+00 1.23571941e+00
 6.72153700e+00 1.13099407e+00
 6.56887850e+00 1.43606746e+00
 6.45394507e+00 1.18923816e+00
 7.01750709e+00 1.99519548e+00
 6.75159203e+00 1.37798653e+00
 6.66741117e+00 1.61197998e+00
 6.77733281e+00 1.40800182e+00
 6.74861333e+00 1.50202931e+00
 7.24074976e+00 1.51081065e+00
 7.42013904e+00 1.63783470e+00
 6.69922252e+00 1.39052866e+00
 6.69986312e+00 1.72996583e+00
 7.17275804e+00 1.39601621e+00
 7.12495109e+00 1.32184565e+00
 6.69185209e+00 1.88142983e+00
 7.45520231e+00 1.44802051e+00
 6.82410630e+00 1.93007496e+00
 7.19134299e+00 1.37800699e+00
 7.40998433e+00 1.91341871e+00
 7.57579722e+00 1.18609170e+00
 7.45339492e+00 1.84766448e+00
 7.48106068e+00 1.58765059e+00
 7.15262237e+00 1.36125524e+00
 7.37328597e+00 1.41514156e+00
 6.98930037e+00 1.10067685e+00
 7.30039877e+00 1.53092441e+00
 7.04152966e+00 1.81834211e+00
 7.55441769e+00 1.55087969e+00
 6.99483014e+00 1.73473495e+00
 7.25510649e+00 1.61269768e+00
 7.51191099e+00 1.19329230e+00
 7.59244889e+00 1.69110680e+00
 7.06951991e+00 1.81845947e+00
 7.14283661e+00 1.40950791e+00
 7.35212158e+00 1.58558201e+00
 7.68095278e+00 1.62730787e+00
 7.74847059e+00 1.30251974e+00
 7.67471189e+00 1.57522587e+00
 7.68344759e+00 1.65284761e+00
 6.83563668e+00 1.60624218e+00
 6.92731001e+00 1.33190365e+00
 7.72696089e+00 1.04091689e+00
 7.37758699e+00 1.25656797e+00
 7.59717419e+00 1.75554612e+00
 7.49270045e+00 1.71057642e+00
 7.79515127e+00 1.29835584e+00
 7.60754439e+00 1.96567895e+00
 7.78291886e+00 1.55800732e+00
 7.56306458e+00 1.53913152e+00
 6.92363477e+00 1.28562101e+00
 6.93479872e+00 1.21823955e+00
 7.09339183e+00 1.25651179e+00
 7.35453117e+00 1.49380624e+00
 7.38522052e+00 1.24127003e+00
 7.18957947e+00 1.29875081e+00
 7.77206754e+00 1.46124168e+00
 7.05896621e+00 1.41747176e+00
 7.79766119e+00 1.75008005e+00
 7.15996258e+00 1.90499133e+00
 7.45387211e+00 1.28287781e+00
 7.45199602e+00 1.55399615e+00
 7.94665122e+00 1.02067750e+00
 7.90939375e+00 1.04203545e+00
 7.99567697e+00 1.60466742e+00
 7.99959737e+00 1.06955039e+00
 7.11057229e+00 1.49074477e+00
 7.55952436e+00 1.56830978e+00
 7.12109923e+00 1.68433087e+00
 7.26995778e+00 1.86475338e+00
 7.77705320e+00 1.78808848e+00
 7.73913799e+00 1.72739160e+00
 7.43400458e+00 1.53566864e+00
 7.95400286e+00 1.76724226e+00
 7.60631840e+00 1.62116987e+00
 7.88481622e+00 1.08875187e+00
 8.07880553e+00 1.74176295e+00
 7.90289429e+00 1.07974534e+00
 7.44291612e+00 1.49277432e+00
 7.87643958e+00 1.95615530e+00
 8.02536023e+00 1.70173280e+00
 7.49694514e+00 1.56311049e+00
 7.49443950e+00 1.89154843e+00
 8.04833124e+00 1.06972360e+00
 7.60171510e+00 1.00186730e+00
 8.00855824e+00 1.30284760e+00
 7.64776107e+00 1.37144561e+00
 7.84854370e+00 1.19498509e+00
 7.31952234e+00 1.14095673e+00
 8.27364496e+00 9.88491918e-01
 7.41335028e+00 1.60939109e+00
 7.41439604e+00 1.02748177e+00
 7.68365736e+00 1.24016100e+00
 7.52573789e+00 1.64260927e+00
 8.05334401e+00 1.85605120e+00
 7.54479028e+00 1.09880879e+00
 7.44028837e+00 1.53848159e+00
 8.31725701e+00 1.95480524e+00
 8.00431497e+00 1.11638577e+00
 7.85850887e+00 1.32331413e+00
 8.28967547e+00 1.32028652e+00
 8.16466478e+00 1.72738649e+00
 8.24262381e+00 1.92264681e+00
 8.18656826e+00 1.94742228e+00
 8.15733530e+00 1.91828757e+00
 7.96397365e+00 1.49989898e+00
 8.28860213e+00 1.72480080e+00
 8.48647328e+00 1.25963034e+00
 8.34927017e+00 1.73444193e+00
 8.08086992e+00 1.71786516e+00
 8.48330878e+00 1.32077392e+00
 8.36745675e+00 1.44033098e+00
 8.42099450e+00 1.29480910e+00
 8.22966133e+00 1.53562359e+00
 8.52696603e+00 9.82490721e-01
 7.93856966e+00 1.86468512e+00
 7.61812580e+00 1.38031901e+00
 7.95755929e+00 1.18421896e+00
 7.97874128e+00 9.63900443e-01
 8.49540549e+00 1.62599605e+00
 8.19273424e+00 1.16898449e+00
 8.29472788e+00 1.06398878e+00
 8.63168358e+00 1.93244011e+00
 8.06728824e+00 1.57694251e+00
 8.31838819e+00 1.14101129e+00
 8.31614986e+00 1.30301153e+00
 8.01250879e+00 9.77043333e-01
 8.40886391e+00 1.13934605e+00
 7.91937128e+00 9.95902301e-01
 8.10639601e+00 1.02975314e+00
 8.10356708e+00 1.93425867e+00
 8.53724035e+00 1.30684901e+00
 7.80390183e+00 1.12476624e+00
 8.38579381e+00 1.83891013e+00
 8.14352103e+00 1.64989911e+00
 8.00286608e+00 1.14463719e+00
 8.05453002e+00 1.04188438e+00
 8.53724298e+00 1.90852015e+00
 7.85137398e+00 1.85350720e+00
 8.68746057e+00 1.13056204e+00
 8.39715591e+00 9.37135677e-01
 7.88993608e+00 1.56533291e+00
 8.02789888e+00 1.35341695e+00
 8.58667122e+00 1.36751964e+00
 8.62785538e+00 1.38658931e+00
 8.34397173e+00 1.84010680e+00
 8.83016742e+00 1.30106437e+00
 8.08816916e+00 1.52814300e+00
 8.18426513e+00 1.68669297e+00
 8.64967649e+00 1.35192409e+00
 7.96907782e+00 1.25763694e+00
 8.65174767e+00 1.55562866e+00
 8.50928160e+00 1.44355035e+00
 8.74994912e+00 1.73224313e+00
 8.03779828e+00 1.91027091e+00
 8.30357196e+00 1.71578020e+00
 8.68186595e+00 1.85086341e+00
 8.18631097e+00 1.76458445e+00
 8.17580636e+00 1.03986559e+00
 8.28664656e+00 1.84044922e+00
 8.75794725e+00 9.77190674e-01
 8.13003943e+00 1.65577897e+00
 8.07347787e+00 1.66508324e+00
 8.76005206e+00 1.48784543e+00
 8.26984802e+00 1.80137473e+00
 9.00764241e+00 1.28177495e+00
 9.03070202e+00 1.61084499e+00
 9.04843696e+00 1.36013397e+00
 8.47982365e+00 1.73011628e+00
 9.10927947e+00 1.61286116e+00
 8.52313639e+00 1.08098801e+00
 8.33286555e+00 1.06102514e+00
 8.34951265e+00 1.28472076e+00
 8.72700404e+00 1.16456487e+00
 8.28188073e+00 1.09374355e+00
 8.36298352e+00 1.25024202e+00
 8.50876440e+00 1.28647312e+00
 8.61484473e+00 1.02564716e+00
 8.34086895e+00 1.21026064e+00
 8.49747387e+00 1.57199216e+00
 8.86225224e+00 9.79759202e-01
 8.90765791e+00 1.10984814e+00
 8.64673989e+00 8.85580068e-01
 9.02928384e+00 1.35529085e+00
 8.71729803e+00 1.65930362e+00
 9.17771472e+00 9.97593479e-01
 9.27571720e+00 9.37037004e-01
 9.24997698e+00 1.28565981e+00
 8.98655082e+00 1.56245694e+00
 8.37837845e+00 1.56490049e+00
 9.08017146e+00 1.57065580e+00
 9.21060831e+00 1.60142171e+00
 9.33997871e+00 1.62758970e+00
 9.00653408e+00 1.75405311e+00
 8.40888393e+00 1.07341583e+00
 8.74755277e+00 1.02376355e+00
 8.42156369e+00 1.23659993e+00
 9.32556675e+00 1.28361751e+00
 9.26921387e+00 9.63594817e-01
 8.76856929e+00 1.17257590e+00
 8.55382083e+00 1.09371727e+00
 8.85247055e+00 1.58014908e+00
 9.08102064e+00 1.22093534e+00
 8.83328812e+00 1.04909143e+00
 8.83343655e+00 1.17746876e+00
 8.59508970e+00 1.64778999e+00
 8.96483068e+00 1.73944532e+00
 8.56511757e+00 1.72703122e+00
 8.79430101e+00 1.08230995e+00
 8.85994341e+00 1.55044986e+00
 8.89293585e+00 9.95205142e-01
 8.66176772e+00 1.58166051e+00
 8.99178369e+00 1.23831198e+00
 9.18460324e+00 1.68888284e+00
 8.82438013e+00 9.74962077e-01
 8.60006193e+00 1.83005477e+00
 9.12602123e+00 1.60377442e+00
 8.85438197e+00 1.48953855e+00
 8.75250035e+00 1.54766206e+00
 9.14070756e+00 1.76843067e+00
 8.62361385e+00 1.60179446e+00
 8.64172611e+00 1.52767141e+00
 8.99009084e+00 1.68071017e+00
 9.53298443e+00 1.47531344e+00
 9.02913572e+00 1.63402011e+00
 9.57440808e+00 1.08239554e+00
 8.88193346e+00 1.51523146e+00
 9.62932764e+00 1.36883534e+00
 8.74591245e+00 1.77585737e+00
 9.54578010e+00 1.13172936e+00
 8.93371085e+00 8.60857275e-01
 9.37321484e+00 1.74176970e+00
 9.30883604e+00 9.86636515e-01
 8.82044108e+00 1.43754830e+00
 8.99192512e+00 1.28036295e+00
 9.51435477e+00 1.08795591e+00
 9.77138530e+00 1.40988152e+00
 9.11059151e+00 1.20449379e+00
 9.17563742e+00 8.50375696e-01
 9.59170239e+00 1.27486654e+00
 9.62270877e+00 8.98671903e-01
 9.30391412e+00 1.12725471e+00
 9.28048419e+00 1.19823453e+00
 9.25529537e+00 1.51994580e+00
 9.09354190e+00 1.21532368e+00
 9.47875019e+00 1.76142166e+00
 9.43679761e+00 8.05233395e-01
 9.48062829e+00 1.44372559e+00
 9.17312466e+00 1.78582669e+00
 9.15946240e+00 1.33010751e+00
 9.42017914e+00 1.39252227e+00
 9.41192684e+00 1.36102685e+00
 8.96892106e+00 1.29458946e+00
 8.95537671e+00 1.24363135e+00
 8.97677089e+00 1.77647988e+00
 9.08512030e+00 1.04425728e+00
 9.06063366e+00 1.74305801e+00
 9.89565470e+00 1.29026598e+00
 9.28514347e+00 8.13299260e-01
 9.34655978e+00 8.56671018e-01
 9.52545821e+00 1.36504507e+00
 9.49020118e+00 1.61983697e+00
 9.13287146e+00 1.52794807e+00
 9.05298612e+00 1.31371831e+00
 9.72604708e+00 1.38505511e+00
 9.40319079e+00 1.28029593e+00
 9.75960855e+00 1.05743807e+00
 9.61824436e+00 1.19706073e+00
 9.16371173e+00 8.02419817e-01
 9.92801387e+00 1.61937921e+00
 1.01188873e+01 8.70597866e-01
 1.00257198e+01 1.56811434e+00
 9.86343112e+00 1.45488416e+00
 9.78023604e+00 1.59944460e+00
 9.57975607e+00 1.04014982e+00
 1.00906113e+01 8.61856322e-01
 9.24468422e+00 1.00901747e+00
 9.45316997e+00 8.23959741e-01
 1.01288251e+01 1.58423944e+00
 9.24363175e+00 1.63388464e+00
 9.48982444e+00 1.59025017e+00
 1.01666383e+01 1.23804367e+00
 1.00312631e+01 1.14445802e+00
 9.75042153e+00 1.22879441e+00
 9.78571206e+00 7.89591375e-01
 1.01383611e+01 1.24106829e+00
 9.66396646e+00 1.65308481e+00
 1.00186073e+01 1.51982256e+00
 9.80947194e+00 7.92708876e-01
 9.54327403e+00 1.43779357e+00
 9.40759347e+00 1.20159509e+00
 9.66944582e+00 1.20734774e+00
 9.41708166e+00 7.70670212e-01
 9.63843341e+00 1.06524578e+00
 9.54402367e+00 1.34213503e+00
 9.55930586e+00 1.43786024e+00
 9.44281070e+00 1.49120253e+00
 9.55529587e+00 8.82486851e-01
 9.95368123e+00 1.31545101e+00
 1.00229332e+01 7.89450501e-01
 9.72016537e+00 1.25886785e+00
 1.02865354e+01 8.63218524e-01
 1.01232125e+01 1.64558303e+00
 1.03333653e+01 1.27891310e+00
 1.02889362e+01 1.39092056e+00
 1.02519408e+01 1.06223182e+00
 1.00977361e+01 1.31070984e+00
 1.02840580e+01 1.41370420e+00
 9.99824777e+00 1.59839817e+00
 9.98789908e+00 1.27233175e+00
 1.02231362e+01 8.47844867e-01
 9.58072933e+00 1.24133887e+00
 1.04799253e+01 1.02618728e+00
 1.01768675e+01 1.24974517e+00
 9.89572190e+00 1.05905726e+00
 1.03162640e+01 1.53253914e+00
 1.00083960e+01 8.51548323e-01
 1.01174942e+01 7.78009024e-01
 9.68980081e+00 1.27609370e+00
 1.00384139e+01 1.40710676e+00
 9.71178204e+00 1.40364454e+00
 1.03960355e+01 1.23030777e+00
 1.05669992e+01 1.63795194e+00
 1.04227433e+01 9.73434409e-01
 9.80219054e+00 1.32746296e+00
 1.05628793e+01 1.23863817e+00
 1.05873387e+01 8.58240226e-01
 1.00735818e+01 7.09514599e-01
 1.04288466e+01 1.38086489e+00
 1.02132006e+01 6.79734262e-01
 1.04846134e+01 1.51654038e+00
 1.05064768e+01 9.52523443e-01
 9.90428086e+00 9.61724170e-01
 9.79376294e+00 1.34231988e+00
 1.04106132e+01 1.00898193e+00
 1.02502284e+01 1.17878663e+00
 1.05340911e+01 1.60758988e+00
 9.86002597e+00 9.45539560e-01
 1.05406538e+01 7.32293231e-01
 1.01353001e+01 1.59542308e+00
 9.92889042e+00 1.06014371e+00
 1.02982577e+01 1.25755299e+00
 9.98198075e+00 6.70365149e-01
 1.06454725e+01 1.52663012e+00
 1.04674021e+01 6.33606173e-01
 1.02915168e+01 8.67385788e-01
 1.03983578e+01 1.23439461e+00
 9.97036280e+00 1.47395083e+00
 1.06132974e+01 1.57012029e+00
 1.01437223e+01 1.20391162e+00
 1.08173426e+01 6.48599101e-01
 1.08400344e+01 9.44978636e-01
 1.04539415e+01 1.04186153e+00
 1.05403809e+01 1.21449872e+00
 1.02591111e+01 1.19665334e+00
 1.00042787e+01 7.44939322e-01
 1.03762561e+01 7.80719595e-01
 1.08722412e+01 7.98752192e-01
 1.09164721e+01 9.37590618e-01
 1.07329471e+01 8.47684847e-01
 1.08795693e+01 1.23362035e+00
 1.02709001e+01 1.26553195e+00
 1.01924813e+01 9.25613970e-01
 1.03562935e+01 1.40317471e+00
 1.03830384e+01 1.28924944e+00
 1.09052559e+01 8.58427543e-01
 1.09136587e+01 1.52860755e+00
 1.07709668e+01 1.03379375e+00
 1.08917608e+01 7.41208516e-01
 1.09148054e+01 1.41954417e+00
 1.08024032e+01 7.92221294e-01
 1.07593072e+01 1.38968041e+00
 1.09327010e+01 6.93137926e-01
 1.10947785e+01 1.56732594e+00
 1.05311159e+01 9.69782650e-01
 1.09811496e+01 9.25815398e-01
 1.06056743e+01 9.75269348e-01
 1.10210579e+01 1.49181793e+00
 1.04499797e+01 1.40873699e+00
 1.10007247e+01 9.22017819e-01
 1.08314214e+01 1.22319327e+00
 1.02772377e+01 1.02765233e+00
 1.12313621e+01 1.15079201e+00
 1.02813295e+01 8.02513934e-01
 1.12090429e+01 6.13843360e-01
 1.05473065e+01 6.16910454e-01
 1.04870302e+01 9.26827694e-01
 1.08588123e+01 1.46954497e+00
 1.10082610e+01 1.35430134e+00
 1.03936463e+01 5.71300707e-01
 1.11096625e+01 6.75145381e-01
 1.04689354e+01 1.06391284e+00
 1.07624458e+01 1.18235493e+00
 1.13073971e+01 8.73108421e-01
 1.04543556e+01 8.19063276e-01
 1.05010748e+01 9.11791695e-01
 1.09321199e+01 9.89446374e-01
 1.04873139e+01 5.76086344e-01
 1.05754006e+01 5.65978387e-01
 1.13457730e+01 1.09068896e+00
 1.12317884e+01 1.24815915e+00
 1.12712676e+01 1.35534583e+00
 1.08993294e+01 1.15047588e+00
 1.11119048e+01 1.24401036e+00
 1.10862868e+01 1.38707003e+00
 1.12315074e+01 5.21667541e-01
 1.10066680e+01 1.35073836e+00
 1.12472773e+01 9.69417187e-01
 1.13003000e+01 5.91244639e-01
 1.07438395e+01 1.47960484e+00
 1.09448987e+01 7.78738846e-01
 1.15284631e+01 1.17906403e+00
 1.13930969e+01 1.25366587e+00
 1.13281085e+01 7.23146529e-01
 1.05953763e+01 1.17356611e+00
 1.14399541e+01 8.94336877e-01
 1.13784125e+01 7.99421131e-01
 1.15434315e+01 1.15083689e+00
 1.07563489e+01 1.17145063e+00
 1.11114801e+01 7.31143709e-01
 1.13666148e+01 1.11690590e+00
 1.12662317e+01 7.12566689e-01
 1.10507267e+01 7.31811028e-01
 1.09294893e+01 1.01976377e+00
 1.07554856e+01 9.91104349e-01
 1.15485065e+01 1.06464160e+00
 1.13280629e+01 1.04118866e+00
 1.13717022e+01 5.65485728e-01
 1.10536659e+01 7.31133726e-01
 1.07592889e+01 8.17285181e-01
 1.10163751e+01 1.24571398e+00
 1.08129775e+01 7.51290540e-01
 1.08001114e+01 1.15807473e+00
 1.14646279e+01 1.34541566e+00
 1.10970855e+01 9.56293426e-01
 1.13959747e+01 1.34935484e+00
 1.09219506e+01 9.78582828e-01
 1.17758111e+01 1.08172650e+00
 1.09449076e+01 8.97594045e-01
 1.13963220e+01 9.12250682e-01
 1.12852954e+01 8.45222640e-01
 1.12369594e+01 6.27218339e-01
 1.16551627e+01 1.41010544e+00
 1.10514294e+01 4.58476893e-01
 1.16524123e+01 1.19664698e+00
 1.16726595e+01 1.31875155e+00
 1.11865893e+01 8.85676041e-01
 1.10319750e+01 9.03359272e-01
 1.13688650e+01 4.26237573e-01
 1.09986406e+01 8.32222896e-01
 1.14716052e+01 7.52651659e-01
 1.17002304e+01 1.08341473e+00
 1.16333326e+01 9.14346702e-01
 1.10123965e+01 1.12800012e+00
 1.13549818e+01 5.24899190e-01
 1.18923947e+01 6.48454521e-01
 1.16013523e+01 7.83873903e-01
 1.10769404e+01 9.89378734e-01
 1.11632778e+01 6.82384460e-01
 1.19590796e+01 4.11444572e-01
 1.14195533e+01 8.02875255e-01
 1.19847977e+01 1.30965042e+00
 1.18141953e+01 1.33769590e+00
 1.17681759e+01 1.03594066e+00
 1.10635519e+01 7.24430186e-01
 1.17243684e+01 5.64904530e-01
 1.12188740e+01 6.41957179e-01
 1.14874336e+01 3.77336611e-01
 1.18870104e+01 6.06884944e-01
 1.20884457e+01 8.36596595e-01
 1.14733098e+01 7.58370285e-01
 1.20584967e+01 5.97068254e-01
 1.20993436e+01 7.50622511e-01
 1.14053677e+01 1.08318851e+00
 1.17630809e+01 7.68736818e-01
 1.12166664e+01 4.73011784e-01
 1.19724722e+01 3.44850297e-01
 1.20306811e+01 5.92481691e-01
 1.21672880e+01 4.07663490e-01
 1.18318215e+01 5.63779927e-01
 1.21048895e+01 1.25788277e+00
 1.17192298e+01 9.30160324e-01
 1.20342852e+01 1.23661793e+00
 1.17894954e+01 8.84478729e-01
 1.13458685e+01 9.77393951e-01
 1.17270394e+01 8.55874294e-01
 1.20731171e+01 7.28614394e-01
 1.13563086e+01 3.22408181e-01
 1.19096717e+01 1.15382121e+00
 1.22063608e+01 1.19883457e+00
 1.16305497e+01 1.05391655e+00
 1.20660749e+01 8.84484190e-01
 1.16969515e+01 4.38550165e-01
 1.15105082e+01 8.93880842e-01
 1.22812313e+01 1.13556325e+00
 1.13795381e+01 1.29080554e+00
 1.21894120e+01 1.04177979e+00
 1.14107279e+01 1.25302854e+00
 1.18202718e+01 1.01552717e+00
 1.17930441e+01 6.79383372e-01
 1.19008499e+01 1.09053392e+00
 1.21479295e+01 7.34590355e-01
 1.16388378e+01 9.11642277e-01
 1.14613929e+01 1.03861721e+00
 1.23497041e+01 8.12770589e-01
 1.22778422e+01 9.36707361e-01
 1.15866521e+01 6.26282088e-01
 1.18117315e+01 2.96857505e-01
 1.15980171e+01 7.21346738e-01
 1.22372727e+01 2.68157711e-01
 1.21123282e+01 8.09010878e-01
 1.17626290e+01 1.18273627e+00
 1.17383915e+01 1.04450481e+00
 1.18363723e+01 1.24700377e+00
 1.21423443e+01 3.66019496e-01
 1.17231764e+01 1.18017441e+00
 1.18143584e+01 8.43563421e-01
 1.19988365e+01 7.10772180e-01
 1.24582013e+01 3.26227748e-01
 1.24497802e+01 5.87928038e-01
 1.16657353e+01 7.02006015e-01
 1.17218048e+01 9.03232848e-01
 1.21765799e+01 9.77494775e-01
 1.16677602e+01 4.08833676e-01
 1.23901613e+01 1.16768001e+00
 1.19362339e+01 2.73443165e-01
 1.25052533e+01 2.35444635e-01
 1.17296333e+01 7.83819112e-01
 1.19880494e+01 9.00449992e-01
 1.18891478e+01 4.93112227e-01
 1.19223462e+01 7.56213997e-01
 1.26290927e+01 1.17766969e+00
 1.21412790e+01 7.10257125e-01
 1.26708219e+01 5.90245113e-01
 1.23447524e+01 1.03350278e+00
 1.18036432e+01 7.49531975e-01
 1.26823211e+01 5.29120556e-01
 1.24821403e+01 2.63196049e-01
 1.25005323e+01 1.08501265e+00
 1.20126117e+01 3.31023213e-01
 1.20245917e+01 8.10721028e-01
 1.28105392e+01 7.65185445e-01
 1.21481518e+01 1.99339218e-01
 1.19018573e+01 3.49185456e-01
 1.24362844e+01 8.16466567e-01
 1.26746358e+01 6.66514576e-01
 1.28299572e+01 7.05076423e-01
 1.28055376e+01 2.08436734e-01
 1.23624196e+01 6.57483802e-01
 1.22598002e+01 9.28721927e-01
 1.27728875e+01 9.01976966e-01
 1.25735826e+01 6.18282356e-01
 1.27170356e+01 9.57301990e-01
 1.20501044e+01 1.10081025e+00
 1.26447027e+01 9.22734580e-01
 1.21763275e+01 6.48662899e-01
 1.26080240e+01 3.27842742e-01
 1.26537914e+01 7.67262936e-01
 1.21632557e+01 1.52334908e-01
 1.25816924e+01 8.70243776e-01
 1.26916019e+01 1.78352911e-01
 1.28689020e+01 9.59634453e-01
 1.21569526e+01 5.40467115e-01
 1.22933002e+01 4.37234279e-01
 1.26193467e+01 5.84841613e-01
 1.29178561e+01 8.23576755e-01
 1.27914061e+01 6.10895751e-01
 1.24881814e+01 6.62092084e-01
 1.26076108e+01 1.26969179e-01
 1.29711927e+01 7.20471385e-01
 1.26322847e+01 6.06207189e-01
 1.25291402e+01 4.16610807e-01
 1.29061270e+01 8.85980080e-01
 1.22792496e+01 8.84283925e-01
 1.29597128e+01 8.35266763e-01
 1.31031601e+01 4.42712033e-01
 1.24183645e+01 8.29208430e-01
 1.24469910e+01 7.77596323e-01
 1.25346439e+01 9.06200523e-01
 1.26469345e+01 7.27920346e-01
 1.31156041e+01 2.57648383e-01
 1.24327176e+01 7.25080016e-01
 1.27435343e+01 6.25870223e-01
 1.28186257e+01 4.92441863e-01
 1.26846602e+01 3.44932003e-01
 1.31115445e+01 8.43278958e-01
 1.26486701e+01 5.42420376e-01
 1.27350036e+01 8.88573762e-01
 1.23538973e+01 9.78349763e-01
 1.25242889e+01 1.03190790e+00
 1.29128533e+01 7.52448747e-01
 1.24391066e+01 4.76709753e-01
 1.28212119e+01 3.19475758e-01
 1.26759975e+01 1.31751565e-01
 1.30809663e+01 8.44139249e-01
 1.33063247e+01 2.57504100e-01
 1.27765675e+01 8.95215910e-01
 1.25631813e+01 1.08118227e-01
 1.26333344e+01 1.39712219e-01
 1.24702828e+01 5.01465871e-01
 1.30096411e+01 4.18062759e-01
 1.32025640e+01 8.99453171e-01
 1.27144159e+01 4.56998156e-01
 1.33704217e+01 6.51236969e-01
 1.25574633e+01 6.35469785e-01
 1.25018075e+01 7.67452746e-01
 1.26470571e+01 8.71676914e-01
 1.34565045e+01 4.67692767e-01
 1.34111231e+01 4.60741589e-01
 1.33923906e+01 5.34851676e-01
 1.34395233e+01 6.01415356e-01
 1.34732513e+01 9.51866978e-01
 1.35394503e+01 2.16138144e-01
 1.31796187e+01 5.01924813e-01
 1.31942427e+01 2.72899284e-01
 1.27596947e+01 4.78593902e-01
 1.29539974e+01 2.05365563e-01
 1.26610855e+01 6.41408720e-02
 1.30533635e+01 7.11018989e-01
 1.34195380e+01 7.57585824e-01
 1.29496448e+01 9.68470061e-01
 1.29427082e+01 2.53016750e-01
 1.28296627e+01 5.17800979e-01
 1.27755236e+01 1.33021123e-02
 1.31336380e+01 7.87853838e-01
 1.28985057e+01 6.20151056e-01
 1.33603303e+01 6.33451937e-01
 1.36844751e+01 9.59304407e-01
 1.35992554e+01 3.68130349e-01
 1.37089872e+01 4.60451184e-01
 1.33065461e+01 1.57967461e-01
 1.36959846e+01 4.81575447e-01
 1.34653684e+01 6.58457149e-01
 1.35559932e+01 8.84342099e-01
 1.28848760e+01 4.23636311e-01
 1.28336086e+01 4.58896908e-01
 1.28688780e+01 1.44464813e-01
 1.35027940e+01 8.54385097e-01
 1.36539869e+01 1.94292711e-01
 1.28247956e+01 6.85393334e-02
 1.28363530e+01 7.80829995e-02
 1.34036809e+01 6.99796792e-01
 1.32504352e+01 1.43694148e-01
 1.29330529e+01 9.07895070e-02
 1.36500596e+01 7.34642289e-01
 1.34549295e+01 6.91423711e-01
 1.34878410e+01 6.52482630e-01
 1.28919910e+01 6.68987550e-01
 1.31307707e+01 -7.64786035e-02
 1.32335658e+01 5.64265294e-01
 1.31241813e+01 8.99657074e-01
 1.32470380e+01 2.21416792e-01
 1.29915226e+01 7.00038176e-01
 1.34204915e+01 6.77927757e-01
 1.34609615e+01 1.31630048e-01
 1.39219459e+01 5.92261556e-01
 1.32270617e+01 2.26765369e-01
 1.34460131e+01 6.35293603e-01
 1.32727531e+01 7.40173858e-01
 1.36404727e+01 8.37654609e-01
 1.35755725e+01 4.18271553e-01
 1.35142134e+01 -9.86047127e-02
 1.37262743e+01 7.18048462e-01
 1.39404277e+01 4.50737906e-01
 1.38616256e+01 2.88444074e-01
 1.39237848e+01 7.35033662e-01
 1.36698188e+01 8.00238090e-02
 1.35137003e+01 4.23869285e-01
 1.39652515e+01 2.80211535e-01
 1.37908057e+01 -3.09716776e-02
 1.36653446e+01 -1.33127951e-01
 1.36857390e+01 6.08727193e-01
 1.38685283e+01 5.69882086e-01
 1.37505066e+01 6.29047651e-01
 1.34632672e+01 3.21931221e-01
 1.36153424e+01 6.83784260e-01
 1.41372198e+01 5.80230916e-02
 1.40198668e+01 3.03200221e-01
 1.39155770e+01 1.25562676e-01
 1.39910218e+01 3.28403046e-01
 1.37367121e+01 -5.23131522e-02
 1.38090682e+01 5.19343893e-01
 1.40795601e+01 1.31737290e-01
 1.37453132e+01 5.40035977e-01
 1.40619210e+01 -7.11025216e-02
 1.41666430e+01 4.22622921e-01
 1.37508421e+01 7.79764713e-01
 1.42027877e+01 7.92966220e-02
 1.35586741e+01 6.04171861e-01
 1.40233159e+01 3.40727125e-02
 1.38303908e+01 1.71451513e-01
 1.34924448e+01 4.96772199e-01
 1.42451035e+01 5.38064844e-01
 1.40023437e+01 5.95189548e-01
 1.36609445e+01 3.43780381e-01
 1.39345980e+01 7.21700707e-01
 1.40247098e+01 1.12313321e-01
 1.42120752e+01 2.74801730e-01
 1.38854980e+01 -3.15637299e-02
 1.38035954e+01 5.99158694e-01
 1.35002202e+01 3.65226462e-01
 1.42789490e+01 7.44253548e-02
 1.40569108e+01 4.77063072e-01
 1.38566591e+01 6.52895984e-01
 1.42448533e+01 4.43015098e-01
 1.40227002e+01 7.28849689e-01
 1.35647479e+01 -2.17373173e-01
 1.39285079e+01 1.08682726e-01
 1.39593039e+01 4.33906038e-01
 1.44795540e+01 5.45483606e-01
 1.37527588e+01 3.87441065e-01
 1.44568614e+01 6.60265920e-01
 1.39211387e+01 5.88813818e-01
 1.37026215e+01 6.88739632e-01
 1.41050570e+01 5.93960754e-01
 1.40951057e+01 7.01026269e-01
 1.43294688e+01 2.27506583e-01
 1.44356481e+01 6.44717306e-01
 1.40410562e+01 6.41838675e-01
 1.36318412e+01 3.68094607e-01
 1.37851641e+01 5.59685477e-01
 1.45110969e+01 7.36434072e-01
 1.45677072e+01 3.55458128e-01
 1.37748314e+01 4.12620235e-01
 1.43527562e+01 5.51205524e-01
 1.43097191e+01 2.70799791e-01
 1.38626338e+01 1.55229653e-01
 1.41450415e+01 3.46586116e-01
 1.37863279e+01 5.17211996e-01
 1.41932455e+01 7.06836835e-01
 1.40711600e+01 6.49899523e-01
 1.43845010e+01 1.17233036e-01
 1.42865815e+01 -6.39301300e-03
 1.43298283e+01 2.72697644e-01
 1.44433298e+01 3.91242496e-01
 1.45863560e+01 7.62356378e-02
 1.46184749e+01 6.17969884e-01
 1.44126173e+01 6.89700162e-01
 1.38948787e+01 -2.29566440e-01
 1.45199660e+01 2.40462823e-01
 1.47927638e+01 -9.71217999e-02
 1.38639875e+01 -1.39007808e-01
 1.44949814e+01 4.38636693e-01
 1.38894568e+01 6.26465568e-01
 1.46548802e+01 -2.97777422e-01
 1.46505810e+01 4.12877987e-01
 1.47933499e+01 -2.11315361e-01
 1.45397527e+01 -9.59337936e-02
 1.43976622e+01 2.34227229e-01
 1.42144470e+01 5.58225213e-01
 1.44370106e+01 1.36391996e-01
 1.40082946e+01 -1.62966307e-01
 1.45151091e+01 3.26159425e-01
 1.49231639e+01 2.65163192e-01
 1.44962015e+01 5.77521585e-01
 1.49517048e+01 2.23922695e-01
 1.41741288e+01 4.16353168e-01
 1.49575613e+01 -2.35121282e-01
 1.43237229e+01 4.56029704e-01
 1.47696231e+01 6.10608007e-01
 1.40511323e+01 -1.49702749e-01
 1.49932983e+01 2.89475426e-02
 1.44062572e+01 -3.41607227e-01
 1.45251342e+01 1.07885022e-01
 1.47973695e+01 5.03076512e-01
 1.41861336e+01 1.13912872e-01
 1.42110937e+01 6.14848735e-01
 1.45887880e+01 7.93956534e-02
 1.46854988e+01 -3.34969819e-01
 1.50995780e+01 -9.72610209e-02
 1.49085618e+01 3.84918457e-01
 1.45872160e+01 -2.99787312e-01
 1.41529808e+01 2.24332734e-01
 1.51194479e+01 -8.24039127e-03
 1.42027443e+01 2.76053322e-01
 1.50385614e+01 4.55240836e-01
 1.51427592e+01 -1.69004998e-02
 1.46146526e+01 -2.61587691e-01
 1.50351658e+01 -3.11412183e-01
 1.48189066e+01 -1.12336400e-01
 1.42944461e+01 -1.54822185e-01
 1.51895120e+01 3.06805652e-01
 1.46492626e+01 -1.35485000e-01
 1.46125305e+01 1.65016480e-01
 1.47257567e+01 2.35818552e-01
 1.46827745e+01 -2.07202250e-01
 1.50693881e+01 3.67407178e-01
 1.46880193e+01 -3.09873012e-01
 1.50335365e+01 3.92027550e-01
 1.48773825e+01 -1.44256707e-01
 1.49632934e+01 2.48998871e-01
 1.44552890e+01 2.71614497e-01
 1.48460527e+01 3.28258026e-01
 1.46231272e+01 1.97955707e-01
 1.49935896e+01 -3.97668775e-01
 1.46638391e+01 -3.03439164e-01
 1.45316102e+01 -2.98892604e-01
 1.48678756e+01 3.90908164e-01
 1.50374809e+01 1.34965848e-01
 1.45324208e+01 -6.74453344e-04
 1.54042389e+01 -4.62112177e-02
 1.50060158e+01 -1.44757188e-01
 1.51257106e+01 -1.84666621e-01
 1.45140085e+01 4.99643957e-01
 1.50041471e+01 6.02862985e-02
 1.44766167e+01 2.64077682e-01
 1.45085587e+01 -4.74324392e-02
 1.47928862e+01 1.64882992e-01
 1.51650581e+01 2.23083773e-01
 1.46001698e+01 1.87906160e-01
 1.54595127e+01 4.84340409e-01
 1.46447799e+01 -2.70057357e-01
 1.49438358e+01 -2.40646428e-01
 1.46430865e+01 7.04909175e-02
 1.46084230e+01 -4.45561987e-01
 1.48947951e+01 -4.63193820e-01
 1.48734276e+01 -2.68748439e-01
 1.54590123e+01 -3.59073041e-01
 1.46737837e+01 4.76141931e-01
 1.54978615e+01 -2.42127849e-01
 1.48300228e+01 -1.12899783e-01
 1.47615753e+01 1.75218641e-01
 1.50670712e+01 -3.02678830e-01
 1.55237120e+01 -4.16858112e-01
 1.47854554e+01 -2.47501187e-01
 1.48453102e+01 -3.15702305e-01
 1.51830750e+01 -3.02452139e-01
 1.50408130e+01 -9.39213101e-02
 1.55067163e+01 1.67990808e-01
 1.52702892e+01 -1.27697584e-01
 1.48828009e+01 9.40957525e-02
 1.52694576e+01 -2.30169106e-01
 1.48539136e+01 3.70325743e-01
 1.55466087e+01 -2.15928659e-01
 1.54910664e+01 4.76637600e-01
 1.52219533e+01 -3.88068966e-01
 1.51216965e+01 1.11393874e-01
 1.52768368e+01 -2.87552250e-01
 1.51157787e+01 -1.05661018e-01
 1.49681767e+01 -5.16286128e-01
 1.52698896e+01 -4.45865587e-01
 1.57198692e+01 -3.90611160e-01
 1.55619723e+01 3.64730342e-01
 1.51773009e+01 2.42014031e-01
 1.54395290e+01 1.26116344e-01
 1.53609672e+01 -3.84160477e-02
 1.57526713e+01 -1.22070878e-01
 1.53990040e+01 -4.70531810e-01
 1.50140014e+01 2.25812074e-01
 1.50440580e+01 -1.82075936e-01
 1.52310571e+01 -4.89773101e-01
 1.51107362e+01 2.84738570e-01
 1.54375149e+01 -4.81486559e-01
 1.57531322e+01 -1.28442681e-01
 1.57012960e+01 -4.84289518e-01
 1.53251672e+01 8.04177685e-02
 1.54671381e+01 6.84636511e-02
 1.58746837e+01 1.07785761e-01
 1.57369885e+01 3.66096429e-01
 1.52657070e+01 1.69890924e-01
 1.56429099e+01 1.53228003e-01
 1.57260655e+01 2.50034612e-01
 1.54878583e+01 1.14433208e-01
 1.60488379e+01 -1.43838903e-02
 1.56924880e+01 -1.73102414e-01
 1.56263362e+01 3.34729082e-01
 1.55604799e+01 5.84845550e-02
 1.58767896e+01 3.33306227e-01
 1.52793777e+01 -5.75494830e-01
 1.56326923e+01 1.43032562e-02
 1.55604858e+01 -3.45862106e-01
 1.57443190e+01 -1.36080123e-01
 1.60175996e+01 2.39478796e-02
 1.58973388e+01 2.81580304e-01
 1.56420189e+01 -4.96112980e-01
 1.58098273e+01 2.06209390e-01
 1.57991760e+01 -1.36540656e-01
 1.61869828e+01 -3.40610524e-01
 1.60606781e+01 -5.84116237e-01
 1.52488382e+01 -1.14665567e-01
 1.55237463e+01 2.28164874e-01
 1.59378111e+01 1.01451075e-01
 1.60325735e+01 2.81203646e-01
 1.58976994e+01 -1.70709000e-01
 1.60184427e+01 1.18818691e-01
 1.53425515e+01 -9.78731290e-02
 1.59241616e+01 -1.93672659e-01
 1.61469534e+01 -2.74338197e-01
 1.62935867e+01 -2.29381638e-02
 1.55195144e+01 2.55302303e-01
 1.58395100e+01 -3.87119842e-01
 1.61640161e+01 -9.97447482e-02
 1.58054394e+01 -3.76361156e-01
 1.58943545e+01 3.29096050e-01
 1.56467961e+01 -4.27106738e-02
 1.55127895e+01 -5.67758299e-01
 1.54538563e+01 -5.02501468e-01
 1.58036061e+01 2.67868164e-01
 1.57723535e+01 2.70497867e-01
 1.63895430e+01 -3.11369420e-01
 1.57989823e+01 2.99253000e-01
 1.61668094e+01 -1.30162192e-01
 1.62280755e+01 -1.19065333e-01
 1.64429586e+01 1.71301618e-01
 1.55958442e+01 -5.33875462e-01
 1.64141343e+01 -2.89962334e-01
 1.64151910e+01 1.64853593e-01
 1.63380708e+01 -3.26340844e-01
 1.58511585e+01 3.88828398e-03
 1.60270673e+01 -3.80859076e-01
 1.63463544e+01 -1.28682677e-01
 1.60991074e+01 -3.66727108e-02
 1.59492741e+01 -3.13324629e-01
 1.58843377e+01 7.61211115e-02
 1.58555583e+01 2.85448952e-01
 1.58778580e+01 -3.49578658e-01
 1.62815101e+01 -7.50502543e-02
 1.63352505e+01 -6.58581771e-02
 1.59741787e+01 -5.60048799e-01
 1.60581845e+01 -1.20111955e-01
 1.59786720e+01 -3.60571871e-01
 1.56736210e+01 2.62900052e-01
 1.63723104e+01 1.13076910e-01
 1.61770364e+01 -5.65996236e-01
 1.65647267e+01 -6.64671032e-01
 1.60857837e+01 -4.49757146e-01
 1.66005402e+01 -3.90648796e-01
 1.57071205e+01 -1.18349329e-01
 1.66750195e+01 -2.04431948e-01
 1.63548350e+01 -6.90056316e-01
 1.58937079e+01 -1.85488288e-01
 1.58880677e+01 -4.57416579e-01
 1.59676511e+01 -1.27292615e-01
 1.65148018e+01 5.45459800e-02
 1.59816145e+01 -8.02800685e-02
 1.63476388e+01 1.13486573e-01
 1.66410215e+01 -4.88136945e-01
 1.60693802e+01 2.69142673e-01
 1.62039637e+01 -3.36180047e-01
 1.63368897e+01 -4.46327993e-02
 1.59522253e+01 -4.23702193e-01
 1.62711844e+01 4.48640496e-02
 1.59597781e+01 1.34269250e-01
 1.65690585e+01 -1.92882191e-01
 1.61262411e+01 2.32233802e-01
 1.64444675e+01 -6.96775479e-01
 1.59722175e+01 -7.23949763e-01
 1.63707360e+01 -2.62238372e-01
 1.61621272e+01 -3.71893985e-02
 1.67040864e+01 -1.29653777e-01
 1.67577997e+01 -5.99179005e-01
 1.66797639e+01 -1.12193698e-01
 1.60250018e+01 -6.64804695e-01
 1.61297582e+01 -2.07635443e-01
 1.64406639e+01 -7.36366915e-01
 1.66167085e+01 1.99868261e-01
 1.63034088e+01 -2.26114673e-01
 1.68880501e+01 -6.52099852e-01
 1.64294153e+01 -2.49192762e-01
 1.61068779e+01 -1.09496271e-01
 1.64175569e+01 1.12190234e-02
 1.60620602e+01 -5.58763057e-01
 1.65569994e+01 -2.18477664e-01
 1.67944198e+01 2.30658392e-01
 1.67966176e+01 2.15772553e-01
 1.67103612e+01 1.26206261e-01
 1.68354524e+01 -1.74980516e-01
 1.65302548e+01 1.16542698e-01
 1.64295380e+01 4.42986922e-02
 1.68219562e+01 -7.16103693e-01
 1.66303006e+01 -5.64875864e-01
 1.65678444e+01 -1.57854552e-01
 1.62403537e+01 -5.25885666e-01
 1.66122639e+01 -3.45430660e-01
 1.69145076e+01 -6.48441587e-01
 1.69417556e+01 -7.08214931e-01
 1.69860659e+01 -6.55856902e-01
 1.71841847e+01 -1.18280922e-01
 1.68250302e+01 -6.96291984e-01
 1.66434674e+01 -7.45102058e-01
 1.65641062e+01 1.28257111e-01
 1.66043751e+01 -6.64969559e-01
 1.64909757e+01 -3.48426889e-01
 1.62655731e+01 -6.40093693e-02
 1.71594290e+01 -3.13495640e-01
 1.63938947e+01 -5.35584775e-01
 1.68564602e+01 -1.44472804e-01
 1.71307596e+01 -4.54488149e-01
 1.63862707e+01 9.95564144e-03
 1.65272388e+01 1.48034687e-01
 1.67586254e+01 -6.27509942e-01
 1.64437841e+01 -3.99554188e-01
 1.65421983e+01 -1.92628032e-01
 1.68485804e+01 -7.58575405e-01
 1.71036556e+01 -7.27233690e-01
 1.70156076e+01 -2.50532907e-01
 1.68020623e+01 -4.80751561e-01
 1.68615361e+01 -4.49309318e-01
 1.72981726e+01 -6.53820870e-01
 1.66840483e+01 -1.85647104e-01
 1.66412653e+01 2.38773681e-02
 1.73602408e+01 -2.25553343e-01
 1.67735461e+01 7.84563738e-02
 1.72253253e+01 -2.42437209e-01
 1.65490375e+01 -7.92657497e-01
 1.65915883e+01 -2.55117121e-01
 1.74543233e+01 -1.84358918e-01
 1.67467402e+01 -6.58734117e-01
 1.74965317e+01 -7.81470277e-01
 1.65893437e+01 -1.89486280e-01
 1.74861713e+01 -1.29085331e-01
 1.65559082e+01 -5.37314917e-01
 1.74043577e+01 -7.10106048e-02
 1.73970279e+01 -6.21383938e-01
 1.67851033e+01 -7.11109577e-01
 1.73755615e+01 7.51010419e-02
 1.71257048e+01 -4.74780546e-01
 1.73735005e+01 -7.28818947e-01
 1.70953684e+01 -7.60617577e-01
 1.75835308e+01 1.20660866e-01
 1.73340955e+01 -2.14466819e-01
 1.72667971e+01 -2.06076222e-01
 1.69516134e+01 -5.74183352e-01
 1.73748996e+01 -3.96522036e-01
 1.73149062e+01 -6.45769378e-01
 1.68010907e+01 -5.45215516e-01
 1.68909310e+01 -3.85119992e-01
 1.67143551e+01 -2.03931672e-01
 1.70352652e+01 -1.03033534e-01
 1.76669555e+01 -2.72890200e-01
 1.76353150e+01 -8.44651831e-01
 1.74761421e+01 -2.95248225e-01
 1.71564552e+01 -2.97553256e-01
 1.72722368e+01 -3.36999622e-01
 1.72629888e+01 -2.11370159e-01
 1.69350507e+01 -6.57667191e-01
 1.70362982e+01 -1.49830218e-01
 1.74958063e+01 -4.18049679e-01
 1.77050332e+01 -1.26383273e-01
 1.68719999e+01 -2.35138982e-01
 1.74714959e+01 -7.17625338e-01
 1.69333699e+01 -8.18929644e-02
 1.70579922e+01 -7.26145223e-01
 1.71483747e+01 -4.61764692e-01
 1.69937775e+01 -3.98340292e-01
 1.78385567e+01 -5.97515849e-01
 1.78038215e+01 -7.90380267e-02
 1.74731916e+01 -3.59931596e-01
 1.73475911e+01 -1.06775967e-01
 1.75301734e+01 -8.32749373e-01
 1.71111491e+01 1.35783570e-02
 1.76992957e+01 -5.13816446e-01
 1.78526376e+01 -1.80459574e-01
 1.70035998e+01 -3.32383641e-01
 1.70710061e+01 -7.50218581e-01
 1.70302774e+01 -6.23920183e-01
 1.74331993e+01 -8.46354359e-01
 1.79163063e+01 -2.29761534e-02
 1.77287301e+01 5.18383804e-02
 1.79282760e+01 -1.74624210e-02
 1.79644444e+01 3.91653289e-02
 1.80001130e+01 -1.83037787e-01
 1.73640384e+01 -2.16093103e-01
 1.75273801e+01 -4.22679315e-01
 1.75432777e+01 4.60533770e-02
 1.73273230e+01 -3.84256969e-01
 1.71487203e+01 -3.12251440e-02
 1.78970515e+01 7.91461743e-02
 1.79113920e+01 -3.18998411e-01
 1.72323548e+01 -4.28234902e-01
 1.75216300e+01 -4.90497295e-01
 1.72122345e+01 -1.28815135e-01
 1.71460696e+01 -4.44490150e-01
 1.80513102e+01 -6.54552014e-01
 1.79916717e+01 -5.44778310e-01
 1.76074305e+01 -7.48863844e-01
 1.75297927e+01 -5.82668022e-01
 1.80836064e+01 -1.60156336e-01
 1.78430830e+01 -2.03079583e-01
 1.75855877e+01 -3.18840464e-01
 1.76585955e+01 -1.59964503e-01
 1.76633969e+01 -8.00881587e-01
 1.74097770e+01 -9.06681007e-01
 1.81877767e+01 -6.60379323e-01
 1.80906395e+01 -3.41415951e-01
 1.77712851e+01 -6.68685432e-01
 1.80660977e+01 -7.13732318e-01
 1.73124690e+01 -5.30873038e-01
 1.81145929e+01 -3.69183334e-01
 1.76768523e+01 -3.39167185e-01
 1.74323908e+01 -8.03955019e-01
 1.81906466e+01 6.29818457e-03
 1.73436120e+01 -6.72112511e-01
 1.80418850e+01 -9.19678642e-01
 1.82163377e+01 -4.31800414e-01
 1.78116065e+01 -7.65046287e-01
 1.76137448e+01 -2.04799019e-02
 1.79189266e+01 -8.88034074e-01
 1.74277083e+01 -8.68942291e-01
 1.78540681e+01 -1.38713748e-01
 1.81949777e+01 -8.29066378e-01
 1.78725941e+01 -2.47666959e-02
 1.76290903e+01 -6.63896942e-01
 1.77904870e+01 -3.71357706e-01
 1.84391961e+01 -5.66849260e-01
 1.76738462e+01 -7.92542206e-01
 1.83896098e+01 -9.12890751e-01
 1.76108154e+01 1.38114842e-02
 1.79774361e+01 -3.53100455e-01
 1.79466206e+01 -4.93960675e-01
 1.79387496e+01 -7.40798821e-01
 1.75565643e+01 -7.40381908e-01
 1.80871983e+01 -6.28803411e-01
 1.77895170e+01 -1.45221716e-02
 1.82148772e+01 -1.03230762e-01
 1.76685393e+01 -8.58250092e-01
 1.85063466e+01 -3.76702369e-01
 1.76923148e+01 -6.67573221e-01
 1.80080839e+01 -7.96549854e-01
 1.78573518e+01 -3.51170384e-01
 1.80673866e+01 -6.34361062e-01
 1.78829733e+01 -7.55397564e-01
 1.80853012e+01 -7.84470745e-01
 1.77758373e+01 -7.36083576e-01
 1.81437547e+01 -4.96487809e-01
 1.80851688e+01 -2.41260991e-01
 1.82128668e+01 -3.40775452e-01
 1.77838153e+01 -2.20150362e-01
 1.85248241e+01 -3.57950779e-01
 1.86114914e+01 -5.39731310e-01
 1.82303489e+01 -1.27736432e-02
 1.82059793e+01 -5.57884965e-01
 1.80339386e+01 -3.28323477e-01
 1.82282021e+01 -6.98889584e-01
 1.80108567e+01 -5.49309687e-01
 1.78748308e+01 -2.77883391e-01
 1.81535734e+01 -1.50090615e-01
 1.81910453e+01 -5.80751087e-01
 1.80519877e+01 -2.00200573e-01
 1.87515463e+01 -8.54976804e-01
 1.86934163e+01 -9.30628682e-01
 1.85585502e+01 1.56683854e-02
 1.79242615e+01 -7.86362742e-01
 1.79782015e+01 -8.86411208e-01
 1.81196775e+01 -5.82416324e-01
 1.85856533e+01 -6.09516404e-01
 1.86938807e+01 -2.95900441e-01
 1.87872243e+01 -5.54400067e-01
 1.88036748e+01 -5.61800030e-01
 1.84287010e+01 -4.65578342e-01
 1.83365031e+01 -9.27681908e-01
 1.86842622e+01 -2.13218633e-01
 1.87724030e+01 -5.75206994e-01
 1.83446966e+01 -9.00421677e-01
 1.82014169e+01 -7.52204637e-01
 1.88044644e+01 -9.49740277e-01
 1.86024100e+01 -7.87325101e-01
 1.86991928e+01 -2.89045445e-01
 1.86122097e+01 -4.75423467e-01
 1.87762436e+01 -1.59534025e-01
 1.84892600e+01 -4.17566877e-01
 1.87079308e+01 -6.33225266e-01
 1.85186164e+01 -8.80525876e-01
 1.82789513e+01 -1.65540424e-01
 1.90328494e+01 -9.28845590e-01
 1.84739746e+01 -8.44530949e-01
 1.87039255e+01 -4.77469780e-01
 1.85923908e+01 -8.80506229e-01
 1.90011830e+01 -8.18569112e-01
 1.81189419e+01 -2.67302362e-01
 1.89504828e+01 -5.32607257e-01
 1.82908346e+01 -7.28363132e-02
 1.87339013e+01 -4.78552536e-02
 1.85143641e+01 -3.57552867e-02
 1.89875960e+01 -8.16154837e-02
 1.91685585e+01 -1.13934885e-01
 1.84495138e+01 -6.38325051e-01
 1.83855241e+01 -8.61081680e-01
 1.85138828e+01 -2.39421928e-01
 1.91880312e+01 -1.81462090e-01
 1.91920275e+01 -8.46970240e-01
 1.82926572e+01 -2.74593524e-01
 1.83425323e+01 -5.04294435e-01
 1.92315638e+01 -6.16331640e-01
 1.82727481e+01 -8.68845070e-01
 1.86401643e+01 -2.64971894e-01
 1.89284705e+01 -2.74904301e-01
 1.86108551e+01 -2.05729041e-01
 1.88157340e+01 -1.89554928e-02
 1.84512822e+01 -9.17367992e-01
 1.84148434e+01 -4.57140907e-01
 1.88497260e+01 -7.41586704e-01
 1.92937802e+01 -1.47081014e-01
 1.86133274e+01 -1.75785988e-01
 1.87521363e+01 -7.79098054e-01
 1.88180277e+01 -6.50125774e-01
 1.85122522e+01 -3.33586088e-01
 1.87202995e+01 -4.10163635e-01
 1.85997514e+01 -6.60923341e-01
 1.92287663e+01 -8.96842130e-01
 1.88828202e+01 -1.68296881e-01
 1.86957296e+01 -4.21060763e-01
 1.92929081e+01 -4.80482319e-01
 1.89413355e+01 -3.67241830e-01
 1.89083762e+01 -3.32656919e-01
 1.92972372e+01 -6.16885704e-02
 1.92137876e+01 -1.36861601e-01
 1.88475246e+01 -9.82134693e-01
 1.85802538e+01 -1.90548499e-01
 1.90687438e+01 -5.90898633e-01
 1.92164470e+01 -1.78405174e-01
 1.93068999e+01 -3.25420455e-01
 1.95089119e+01 -4.95423722e-02
 1.92727019e+01 -3.93855502e-01
 1.86964892e+01 -8.98845124e-01
 1.87175281e+01 -8.14970069e-01
 1.93021821e+01 -1.60208254e-01
 1.90971217e+01 -9.57560180e-01
 1.94907964e+01 -5.93340727e-01
 1.95285855e+01 -1.36191376e-02
 1.92494280e+01 -2.45135288e-02
 1.91418606e+01 -5.58092325e-01
 1.86907165e+01 -5.80989854e-02
 1.90259258e+01 -5.94963535e-01
 1.91631104e+01 -5.46031986e-01
 1.88486241e+01 -8.37243426e-01
 1.86994307e+01 -9.59799006e-01
 1.95020681e+01 -1.43251523e-01
 1.89232413e+01 -5.69612726e-01
 1.96709023e+01 -7.98128712e-01
 1.89710221e+01 -6.90534905e-01
 1.88694423e+01 -4.03329800e-01
 1.90958941e+01 -3.23194967e-01
 1.89701849e+01 -2.56722478e-02
 1.97516600e+01 -5.99512187e-01
 1.91615705e+01 -6.10910654e-01
 1.94971673e+01 -3.82461303e-01
 1.92155982e+01 -4.87141878e-01
 1.89035745e+01 -5.47873784e-01
 1.88559691e+01 -6.59932374e-01
 1.93825266e+01 -2.35779144e-01
 1.89068536e+01 -7.54787082e-01
 1.89413304e+01 -8.41087219e-01
 1.97881408e+01 -9.56820834e-01
 1.89024226e+01 -4.69280042e-01
 1.90066470e+01 -1.90180062e-02
 1.96947177e+01 -5.04015183e-01
 1.95083317e+01 -9.62239970e-01
 1.92759123e+01 -7.87018475e-01
 1.96358531e+01 -7.53734202e-01
 1.91042120e+01 -2.84520077e-01
 1.98933679e+01 -9.70996157e-01
 1.96567662e+01 -1.76587013e-01
 1.93253427e+01 -2.89489558e-01
 1.94254671e+01 -9.53337025e-01
 1.99035015e+01 -7.97114901e-01
 1.99702632e+01 -9.38292954e-01
 1.91946410e+01 -2.47425553e-01
 1.91765091e+01 -1.54223642e-01
 1.99574148e+01 -9.80871230e-01
 1.91220094e+01 -3.46951180e-01
 1.94478356e+01 -9.25301045e-01
 1.97057269e+01 -1.10584228e-01
 1.97328247e+01 -4.87482229e-01
 1.96130296e+01 -3.99076424e-01
 1.97412803e+01 -8.29277311e-01
 2.00631754e+01 -2.69880327e-01
 1.94752893e+01 -4.24568889e-01
 1.96719821e+01 -8.44659996e-01
 1.92876782e+01 -1.71039123e-02
 1.96035942e+01 -8.47022730e-01
 1.91326442e+01 -9.50521390e-01
 2.00880488e+01 -8.00589441e-01
 2.00521192e+01 -3.21869086e-01
 1.98607148e+01 -3.05235582e-01
 1.98178811e+01 -4.36178635e-01
 2.00539082e+01 -4.25963202e-01
 1.95374524e+01 -1.12323250e-01
 1.96877865e+01 -2.12144567e-01
 2.00115303e+01 -9.22548661e-01
 1.93348025e+01 -9.34599290e-01
 2.02184074e+01 -1.08690456e-01
 1.95087136e+01 -6.23452149e-01
 2.01291453e+01 -4.48442257e-01
 2.00937118e+01 -8.80074977e-01
 1.99624923e+01 -3.48379024e-01
 1.96862888e+01 -4.38089407e-01
 2.02205350e+01 -2.51228143e-01
 1.96150614e+01 -8.74963185e-02
 1.93978438e+01 4.57619544e-03
 1.98956578e+01 -8.30915215e-02
 1.96440921e+01 -9.32843869e-01
 1.96842228e+01 -4.70530883e-01
 1.99310009e+01 -9.10558731e-01
 1.99014024e+01 -7.82646916e-01
 2.03642898e+01 -2.99639315e-01
 1.98400000e+01 -3.87602803e-01
 1.97755983e+01 -2.53530119e-01
 1.95046180e+01 -7.85133607e-01
 2.00149869e+01 -3.82914723e-02
 2.02737387e+01 -8.52752389e-01
 2.03230343e+01 -7.85527142e-01
 2.00699565e+01 -8.37138628e-01
 1.99378662e+01 -8.94499880e-01
 1.94757193e+01 -3.82252482e-01
 2.02836538e+01 -9.30041661e-01
 1.96466549e+01 -6.21968821e-01
 2.00450814e+01 -2.49353164e-02
 1.97045792e+01 -2.30130324e-01
 2.04461838e+01 -6.29165919e-01
 1.97115030e+01 -1.83069395e-01
 2.01664029e+01 6.56240383e-03
 1.97747335e+01 -1.19073226e-01
 2.03710304e+01 -3.55012664e-01
 2.04677165e+01 -2.95985535e-01
 2.01286033e+01 -3.92468786e-01
 2.01558555e+01 -5.21126861e-01
 1.98954024e+01 -6.68232026e-01
 2.03629211e+01 -1.25919537e-01
 2.00218087e+01 -7.40807459e-01
 2.02885192e+01 -8.99659226e-02
 2.04329717e+01 -1.65097506e-01
 1.99806361e+01 -8.62552059e-01
 1.98715565e+01 -2.91288366e-01
 1.96921572e+01 -8.25411284e-01
 2.04710127e+01 -3.03213960e-02
 2.01448177e+01 -6.78249274e-01
 2.06268316e+01 -4.67498330e-01
 1.99996167e+01 -5.03177166e-01
 2.04787726e+01 -6.27020417e-01
 2.03669348e+01 -8.91432060e-01
 2.06749567e+01 -6.95152750e-01
 1.98677846e+01 2.16370585e-02
 2.04752065e+01 1.32589419e-02
 2.00634813e+01 -6.10854464e-01
 2.04985486e+01 -2.48093593e-02
 2.04949002e+01 -8.73683250e-01
 2.02559996e+01 -8.10130647e-02
 2.05220511e+01 -8.33911990e-01
 2.00871427e+01 -7.18568644e-01
 2.01905502e+01 -1.35623612e-02
 1.99526155e+01 -7.67328039e-01
 2.02096188e+01 -2.31608062e-01
 1.98942754e+01 -1.77874107e-01
 2.05242124e+01 -1.55728413e-02
 2.05922840e+01 -9.13889272e-01
 2.02175333e+01 1.48720148e-02
 2.00866424e+01 -1.52350187e-02
 2.02870869e+01 -7.76230212e-01
 2.07174021e+01 -7.58884384e-01
 1.99376426e+01 2.48588625e-02
 2.07423913e+01 -8.34245676e-01
 1.99695101e+01 -1.11835817e-01
 2.01909395e+01 -1.47319958e-01
 2.06075136e+01 -6.86391193e-01
 2.03017361e+01 -6.13739456e-02
 2.06649681e+01 -8.61545181e-01
 2.02457520e+01 -3.15937657e-02
 2.08262947e+01 -4.66074442e-02
 2.03086225e+01 -9.14536396e-01
 2.03257142e+01 -6.68507812e-01
 2.08067010e+01 -8.59603662e-01
 2.09513469e+01 -8.94038018e-01
 2.01252569e+01 -5.23226426e-01
 2.08203234e+01 -4.59700600e-01
 2.05831165e+01 -3.50557697e-01
 2.09135996e+01 -8.60135344e-02
 2.07510332e+01 -8.01834483e-01
 2.05874333e+01 -7.34336724e-01
 2.09310346e+01 -2.12132015e-02
 2.07195058e+01 -2.19328328e-01
 2.10345364e+01 -7.28523578e-02
 2.07262206e+01 -8.73368829e-01
 2.06758303e+01 -1.38126627e-01
 2.04812410e+01 -5.80935119e-01
 2.07697031e+01 -4.97808928e-01
 2.04800026e+01 -8.59597910e-01
 2.08763234e+01 -4.45469982e-01
 2.04270423e+01 -2.45098437e-01
 2.05179143e+01 -6.53261846e-01
 2.06696666e+01 -6.92516981e-01
 2.11993015e+01 -6.05117570e-01
 2.04952054e+01 2.17541730e-02
 2.03179765e+01 -4.92259370e-01
 2.07106719e+01 -6.03858668e-01
 2.06494694e+01 -2.26557727e-01
 2.03167347e+01 -5.77721418e-01
 2.08484687e+01 -5.83504411e-01
 2.08878676e+01 -8.59075366e-01
 2.07510897e+01 -2.83227875e-01
 2.12025696e+01 -2.00615202e-01
 2.08406770e+01 -8.42247675e-01
 2.07770433e+01 -3.07800616e-01
 2.10880841e+01 -7.77504633e-01
 2.05185253e+01 -9.05505861e-02
 2.05927087e+01 -1.00856352e-01
 2.13397552e+01 -2.93378104e-01
 2.07785143e+01 -6.35649070e-01
 2.08723462e+01 -4.74478810e-01
 2.09544051e+01 2.37672968e-02
 2.11668494e+01 -6.17339611e-01
 2.12998326e+01 -5.81541170e-01
 2.06455571e+01 -5.85161157e-02
 2.05477125e+01 -3.17139264e-01
 2.07773367e+01 6.51771647e-02
 2.10481516e+01 3.89643946e-02
 2.05327618e+01 -3.49992292e-02
 2.14638148e+01 -6.21914550e-01
 2.05149294e+01 -4.56303441e-01
 2.12255150e+01 -8.32685303e-02
 2.12439380e+01 -8.22998261e-01
 2.07856904e+01 -2.42442575e-01
 2.12385640e+01 3.53133144e-02
 2.15203229e+01 -7.57420359e-01
 2.15443881e+01 4.88280704e-02
 2.14749998e+01 -3.70969662e-01
 2.15090971e+01 -1.74152545e-01
 2.15177075e+01 -3.40739862e-01
 2.11006161e+01 -1.42237668e-01
 2.10762626e+01 -9.47298417e-02
 2.06659362e+01 -1.49178276e-01
 2.11022928e+01 -7.93217727e-01
 2.14083209e+01 -5.45052032e-01
 2.08257291e+01 -7.90990025e-01
 2.14439748e+01 -4.15036094e-01
 2.15950318e+01 -4.17045510e-01
 2.13022970e+01 -3.23569806e-02
 2.11657026e+01 -3.45393324e-02
 2.14510700e+01 -4.46731287e-02
 2.10901000e+01 -6.02068757e-01
 2.08726988e+01 -4.37453714e-01
 2.10910512e+01 -1.30226647e-01
 2.13709944e+01 -6.88092367e-01
 2.09977698e+01 -8.58042071e-01
 2.13050260e+01 -7.64459502e-01
 2.08218485e+01 -2.99285124e-01
 2.14450568e+01 -4.06632264e-02
 2.07926352e+01 -2.21810982e-02
 2.08429148e+01 -8.50038631e-01
 2.09688663e+01 -7.36817897e-01
 2.10505012e+01 -7.88947645e-01
 2.12021265e+01 -5.05775653e-01
 2.13763156e+01 6.19787405e-02
 2.17735899e+01 -7.85929406e-01
 2.14693683e+01 -8.76028656e-02
 2.17988538e+01 -6.64664109e-01
 2.10646312e+01 5.84385272e-02
 2.11128498e+01 -1.94945688e-01
 2.13103108e+01 -3.02606881e-01
 2.09360909e+01 -2.55839032e-01
 2.15077374e+01 -6.70608272e-01
 2.17219225e+01 -6.24453388e-01
 2.15580561e+01 -8.33828597e-01
 2.19362679e+01 -8.58079825e-01
 2.10586821e+01 -3.40004372e-01
 2.11730803e+01 4.63133223e-02
 2.12818148e+01 -5.68182841e-01
 2.16692535e+01 -2.97576455e-02
 2.14105797e+01 5.63687916e-02
 2.19733904e+01 1.06712393e-01
 2.13967321e+01 -3.12865875e-01
 2.16117807e+01 -5.53940937e-01
 2.18245816e+01 3.79895606e-02
 2.15077218e+01 -4.40698773e-01
 2.14843779e+01 -6.78617030e-01
 2.11984410e+01 -4.12496537e-01
 2.20503971e+01 -7.14726330e-01
 2.20791087e+01 -3.31647920e-01
 2.17080791e+01 -4.23786163e-01
 2.13235442e+01 -9.60417172e-02
 2.15728330e+01 -8.14072276e-01
 2.11399171e+01 7.77283957e-02
 2.12261383e+01 1.23732784e-01
 2.15754098e+01 7.35032120e-03
 2.12555957e+01 -1.77403336e-01
 2.18916058e+01 -7.64827517e-02
 2.16050677e+01 -7.59748742e-01
 2.15318539e+01 -7.56558786e-01
 2.21578104e+01 -6.57481957e-01
 2.15731330e+01 -6.62558593e-01
 2.13874120e+01 -4.83710251e-01
 2.19954209e+01 -7.06387452e-01
 2.17611096e+01 -4.67798561e-01
 2.15416805e+01 1.57069935e-01
 2.17739724e+01 -6.90462589e-01
 2.19407943e+01 -8.99985168e-02
 2.13027860e+01 2.72739207e-04
 2.19329186e+01 1.68667955e-01
 2.22372656e+01 1.60271338e-01
 2.21237039e+01 -7.00969381e-01
 2.21766836e+01 -3.94238206e-01
 2.18067735e+01 -4.65738225e-01
 2.17647701e+01 1.00608819e-01
 2.15947684e+01 -2.30246338e-02
 2.18009947e+01 6.20327013e-02
 2.15845997e+01 -3.81246760e-01
 2.23441422e+01 -5.93706444e-01
 2.19085744e+01 -6.55663502e-01
 2.19296684e+01 -8.03174664e-02
 2.17331340e+01 -3.48028455e-02
 2.22190963e+01 -3.20390972e-01
 2.24005429e+01 1.09880773e-01
 2.18198167e+01 1.17781163e-01
 2.17501728e+01 -6.56003495e-01
 2.15375793e+01 1.69077917e-01
 2.21884854e+01 1.60049807e-01
 2.19949985e+01 -5.38172470e-01
 2.16533129e+01 1.40682867e-01
 2.17270827e+01 -2.44966865e-01
 2.16081717e+01 -4.53328977e-01
 2.18309760e+01 -1.62557590e-01
 2.24179830e+01 -4.51598236e-01
 2.25387620e+01 9.95764373e-02
 2.19065431e+01 -5.40820857e-01
 2.22123639e+01 -4.28731089e-01
 2.15919277e+01 8.55165853e-02
 2.24415177e+01 -4.09984758e-02
 2.16679438e+01 -1.15271299e-01
 2.20219922e+01 2.05172243e-01
 2.19528344e+01 -4.07442785e-02
 2.22332801e+01 -1.87100679e-01
 2.17835046e+01 -7.13776596e-01
 2.23670203e+01 -2.85555623e-01
 2.21359649e+01 -4.34457747e-01
 2.22776226e+01 2.80708335e-02
 2.22766364e+01 2.13849838e-02
 2.18479263e+01 4.45066772e-02
 2.24823347e+01 -4.15902257e-01
 2.21367938e+01 -9.33584382e-02
 2.17728248e+01 -4.71413744e-01
 2.26326237e+01 1.02195806e-01
 2.18771260e+01 -3.22358485e-02
 2.19511524e+01 1.13035092e-01
 2.21288501e+01 -5.69796262e-01
 2.24481877e+01 -6.34127497e-01
 2.19868710e+01 5.62717466e-02
 2.26801501e+01 -7.04393789e-01
 2.18938351e+01 -3.13226163e-01
 2.21296856e+01 -5.10802474e-01
 2.24883194e+01 -5.56294789e-01
 2.24590935e+01 -6.08873838e-01
 2.18893026e+01 -1.62058481e-01
 2.20703723e+01 6.50116704e-02
 2.26531120e+01 -6.01740139e-01
 2.25446621e+01 1.61132704e-01
 2.25789026e+01 -5.44017512e-01
 2.25288696e+01 3.40840912e-02
 2.25554793e+01 -1.61498808e-01
 2.20900752e+01 -2.61475778e-01
 2.29030977e+01 -5.11240892e-01
 2.24516584e+01 1.34165267e-01
 2.25656987e+01 -6.47255187e-01
 2.29092232e+01 1.06077506e-01
 2.21634798e+01 -5.62442552e-01
 2.26940007e+01 1.78954928e-01
 2.24618171e+01 -6.90859597e-01
 2.29361278e+01 1.14382182e-01
 2.25765809e+01 -1.51446774e-01
 2.28305954e+01 -3.78833915e-02
 2.21485470e+01 -2.34413798e-01
 2.25428150e+01 -5.99547381e-01
 2.20401300e+01 -1.95589674e-01
 2.20836250e+01 -1.78408500e-01
 2.24757850e+01 -4.30961088e-01
 2.24765890e+01 1.05349274e-02
 2.21556605e+01 -1.42555593e-01
 2.30602648e+01 2.02181954e-01
 2.30422103e+01 1.84784545e-01
 2.22007419e+01 1.37464264e-02
 2.25506201e+01 2.71112639e-01
 2.27731667e+01 7.03022942e-02
 2.21450034e+01 1.79353501e-01
 2.26738593e+01 1.68327914e-01
 2.30315531e+01 -5.38572415e-01
 2.24998941e+01 -4.02703271e-01
 2.31002622e+01 6.32810452e-02
 2.27162103e+01 -5.85810740e-01
 2.24428425e+01 3.16345865e-01
 2.26238909e+01 1.50870564e-01
 2.29441485e+01 -4.20320614e-02
 2.29277139e+01 -3.68254860e-01
 2.24178329e+01 -5.05257910e-01
 2.28375676e+01 -6.49259857e-01
 2.31389473e+01 -4.07627570e-01
 2.28537861e+01 -3.87594512e-01
 2.23020925e+01 -7.32059783e-03
 2.31467393e+01 2.48118109e-01
 2.26114030e+01 1.25912581e-01
 2.32115540e+01 1.44560338e-01
 2.32963282e+01 -5.88193817e-01
 2.26376764e+01 -4.37704787e-01
 2.28609859e+01 2.40775652e-01
 2.26794593e+01 -2.41010302e-01
 2.30106027e+01 8.27366188e-02
 2.30634886e+01 2.58082755e-01
 2.24854688e+01 -4.72652967e-02
 2.28566209e+01 3.30323227e-02
 2.31955401e+01 -3.86208115e-01
 2.31273034e+01 -2.06306423e-01
 2.26390153e+01 -4.02500088e-01
 2.31556140e+01 -3.44088783e-01
 2.32026673e+01 -3.92830737e-01
 2.34039133e+01 -2.83867732e-01
 2.27343613e+01 -3.35748321e-01
 2.28667159e+01 8.68898872e-03
 2.28129455e+01 -2.81738376e-01
 2.29337512e+01 -6.62327621e-02
 2.33419594e+01 2.65099126e-01
 2.31474275e+01 -4.69187214e-01
 2.29736692e+01 -2.63848949e-01
 2.30905379e+01 -4.77525442e-01
 2.33382074e+01 -5.84601633e-03
 2.32318023e+01 -3.69658489e-01
 2.26606620e+01 7.56690180e-03
 2.29658474e+01 1.73977507e-01
 2.28173224e+01 3.82993995e-01
 2.26038974e+01 -5.41932631e-02
 2.33832360e+01 3.17872655e-03
 2.28140296e+01 5.00731104e-02
 2.26615674e+01 2.51380091e-01
 2.32047740e+01 1.26788424e-01
 2.29820839e+01 -1.91257345e-01
 2.30333929e+01 3.45751303e-01
 2.31909154e+01 -3.59050234e-01
 2.35343179e+01 9.82919429e-02
 2.36108762e+01 -5.71667494e-01
 2.27573760e+01 -1.33023866e-02
 2.32784837e+01 -4.94650277e-01
 2.29093449e+01 -8.51614852e-02
 2.27730551e+01 2.54039768e-01
 2.29008554e+01 -4.63682916e-01
 2.29992378e+01 -1.58680057e-01
 2.36513969e+01 4.22845858e-01
 2.35423729e+01 4.10871989e-01
 2.30472373e+01 3.25595706e-01
 2.35297257e+01 -8.08692716e-03
 2.28414310e+01 3.75270598e-01
 2.36106474e+01 -1.62782783e-01
 2.29177322e+01 1.27501872e-01
 2.37643768e+01 4.23065984e-02
 2.36209726e+01 4.15726457e-01
 2.36705499e+01 -7.61545447e-02
 2.34141776e+01 7.05436851e-02
 2.35709271e+01 1.96000573e-02
 2.31743245e+01 -3.98001461e-01
 2.30087870e+01 -4.96214690e-01
 2.30280212e+01 3.30950630e-01
 2.35509796e+01 5.93074649e-02
 2.38557093e+01 -5.22093853e-01
 2.29810357e+01 -2.42256607e-01
 2.31605484e+01 4.35558501e-01
 2.33822531e+01 -4.49863427e-01
 2.31364647e+01 4.00480212e-01
 2.32909230e+01 -5.03464288e-01
 2.36204480e+01 9.79828493e-02
 2.36681732e+01 -2.95408306e-01
 2.38164765e+01 -3.79388564e-01
 2.39118830e+01 3.97363168e-01
 2.32952646e+01 4.02422534e-01
 2.33508628e+01 -2.87390267e-01
 2.33299812e+01 -4.05594660e-02
 2.36594406e+01 6.72423028e-03
 2.35540884e+01 -2.01330824e-01
 2.33171292e+01 1.09575480e-01
 2.32744007e+01 -1.28109643e-02
 2.36653723e+01 4.77538357e-01
 2.35324679e+01 4.82164657e-01
 2.39793670e+01 1.40324802e-01
 2.33473737e+01 2.27065078e-01
 2.35806720e+01 -1.69589492e-01
 2.33852482e+01 -1.63970877e-01
 2.39309810e+01 3.12600675e-01
 2.31962152e+01 -3.83217988e-01
 2.37311209e+01 -1.45876399e-01
 2.34269762e+01 4.07288782e-01
 2.37313962e+01 -1.52440270e-01
 2.34752744e+01 -3.70840266e-01
 2.32439352e+01 -3.83886039e-01
 2.41533228e+01 -3.55094134e-01
 2.33057095e+01 5.09167437e-01
 2.40790322e+01 6.98108585e-03
 2.35193370e+01 9.93868978e-02
 2.37272561e+01 -6.72476863e-02
 2.39335000e+01 7.17215299e-02
 2.36846545e+01 3.32911043e-01
 2.37095976e+01 1.18125233e-02
 2.36558284e+01 3.57763732e-02
 2.39322906e+01 1.53413680e-01
 2.34645028e+01 4.58782773e-01
 2.38450224e+01 -2.62850916e-01
 2.36880411e+01 -9.58618915e-05
 2.38193966e+01 -3.02923874e-01
 2.38814131e+01 7.43879199e-02
 2.40551657e+01 -1.43796647e-01
 2.42503335e+01 2.67010467e-02
 2.42137980e+01 3.00920348e-01
 2.40606752e+01 5.42535693e-01
 2.37584770e+01 -3.95829845e-01
 2.34897208e+01 2.79981245e-01
 2.36306139e+01 5.52816148e-01
 2.43367872e+01 1.16375610e-01
 2.34987900e+01 -3.89914270e-01
 2.37326850e+01 -3.93847588e-01
 2.42567392e+01 -1.39176515e-01
 2.40197087e+01 4.14603898e-01
 2.34809219e+01 5.17537215e-01
 2.38287664e+01 3.99500696e-01
 2.37741141e+01 2.55426613e-01
 2.37413727e+01 4.62919185e-01
 2.41754714e+01 -3.79668808e-01
 2.41034055e+01 -2.67660880e-01
 2.43047062e+01 -4.11603524e-02
 2.35741468e+01 1.17943151e-01
 2.42346817e+01 1.31945420e-01
 2.39952293e+01 -2.26769967e-01
 2.35724702e+01 -3.63982831e-01
 2.44016009e+01 1.68915556e-01
 2.42232841e+01 -2.32927100e-01
 2.41011326e+01 -1.58150632e-01
 2.36672334e+01 -2.48007250e-01
 2.41089393e+01 -7.72591974e-02
 2.39184138e+01 4.00273986e-01
 2.46096922e+01 3.02701573e-01
 2.39449601e+01 -6.28156885e-02
 2.36809581e+01 1.68056509e-01
 2.45718988e+01 -1.58556394e-01
 2.39833283e+01 -1.78587508e-01
 2.38423149e+01 2.66329484e-01
 2.44098746e+01 4.71339297e-01
 2.44805536e+01 4.64172850e-01
 2.45171650e+01 6.49205789e-01
 2.38240155e+01 6.26575940e-01
 2.39346466e+01 -2.46683692e-01
 2.39930812e+01 1.45383529e-01
 2.40987384e+01 6.50823171e-01
 2.39887157e+01 9.82474534e-02
 2.41589291e+01 5.30266272e-01
 2.40845412e+01 4.77949077e-01
 2.45329824e+01 5.26334630e-01
 2.43267970e+01 2.31476130e-01
 2.38878518e+01 -3.20069795e-01
 2.45699186e+01 -2.05450855e-01
 2.47475380e+01 -2.56013380e-01
 2.45203607e+01 6.25483045e-01
 2.41496252e+01 6.01915406e-01
 2.39628496e+01 5.36238789e-01
 2.46736398e+01 -8.94097017e-02
 2.46677731e+01 2.46846417e-01
 2.41331424e+01 4.00439341e-01
 2.48773758e+01 6.33940203e-01
 2.48816968e+01 6.68658326e-01
 2.47907048e+01 9.19125359e-02
 2.49334770e+01 1.75242320e-01
 2.41576321e+01 -4.28391467e-04
 2.41826976e+01 1.85360902e-01
 2.41368480e+01 5.93907672e-01
 2.45951298e+01 4.95214985e-01
 2.41436910e+01 1.97498883e-01
 2.46544030e+01 1.17389447e-01
 1.11376542e+00 1.00725821e+00
 1.24716546e+00 4.88136697e-01
 1.19954833e+00 1.23703315e+00
 1.61880875e+00 3.02753322e-01
 1.09685835e+00 5.65537790e-01
 1.41155156e+00 8.44808285e-01
 1.55487333e+00 7.51334318e-01
 1.59589664e+00 6.60388911e-01
 1.79182590e+00 3.21666825e-01
 1.60857178e+00 3.04565849e-01
 1.29601298e+00 1.22406918e+00
 1.65760289e+00 9.14091046e-01
 1.16715599e+00 1.24472466e+00
 1.62535263e+00 3.11145067e-01
 1.40823218e+00 1.10093825e+00
 1.78977905e+00 7.18166630e-01
 2.12786401e+00 1.19870772e+00
 1.45121771e+00 1.09644943e+00
 1.95468630e+00 1.12240475e+00
 1.90884060e+00 7.77095113e-01
 1.61780005e+00 3.02077380e-01
 1.46680477e+00 1.12589784e+00
 1.92985867e+00 8.39061387e-01
 2.01243993e+00 1.15927358e+00
 1.86888040e+00 1.28680289e+00
 1.97238577e+00 8.88909077e-01
 1.98622401e+00 9.49382710e-01
 1.99894360e+00 6.50947376e-01
 1.55748681e+00 1.05959376e+00
 1.81503802e+00 3.75543106e-01
 1.93609874e+00 1.12080524e+00
 1.52810214e+00 1.21978712e+00
 1.48013219e+00 1.07109532e+00
 1.75616309e+00 9.03699322e-01
 2.07134724e+00 8.17898076e-01
 1.69208616e+00 6.64226191e-01
 2.27375317e+00 4.29722629e-01
 1.73075250e+00 7.41789315e-01
 2.06791876e+00 1.07039016e+00
 2.03601930e+00 7.87180801e-01
 1.69885606e+00 5.72918036e-01
 2.26711822e+00 1.04803520e+00
 2.31182816e+00 4.29995947e-01
 1.75833102e+00 1.23102195e+00
 2.00984578e+00 6.60467387e-01
 1.58570497e+00 9.93461241e-01
 2.32887167e+00 9.99108286e-01
 2.11402070e+00 1.29499473e+00
 2.01710452e+00 7.16019520e-01
 1.51765680e+00 7.44832640e-01
 1.97088359e+00 8.76187011e-01
 2.00024592e+00 8.69915423e-01
 2.38345032e+00 8.98774343e-01
 2.04197623e+00 3.94563113e-01
 2.18497159e+00 1.35048133e+00
 1.90491324e+00 1.35619547e+00
 2.19794637e+00 5.21292334e-01
 1.81528328e+00 1.07352401e+00
 2.04498488e+00 5.57546130e-01
 2.23826357e+00 6.24499842e-01
 2.30486825e+00 9.44062614e-01
 2.54736464e+00 6.09443223e-01
 2.19435157e+00 1.21200143e+00
 2.48755229e+00 4.60547359e-01
 2.36450474e+00 4.92586024e-01
 1.87698864e+00 8.41824138e-01
 1.90499420e+00 1.08454668e+00
 2.05296428e+00 7.24602927e-01
 2.17914129e+00 5.41232987e-01
 1.96786748e+00 1.05177668e+00
 2.24309710e+00 1.04643344e+00
 1.74424935e+00 5.76318341e-01
 2.42477408e+00 5.67645419e-01
 2.55666860e+00 6.24793128e-01
 2.69936870e+00 1.00636217e+00
 2.29617271e+00 4.93119814e-01
 2.56450348e+00 1.42477412e+00
 2.39478052e+00 8.03991887e-01
 2.12984702e+00 4.55728859e-01
 2.51411582e+00 1.41577346e+00
 2.78820259e+00 1.04436797e+00
 2.48226978e+00 1.21083939e+00
 2.66969689e+00 9.18827077e-01
 2.70776170e+00 1.19312620e+00
 2.17023281e+00 1.31286459e+00
 2.83088577e+00 7.81198999e-01
 2.80243108e+00 6.83958612e-01
 2.48693720e+00 1.40203106e+00
 2.46971486e+00 1.21543377e+00
 2.70400820e+00 1.35276490e+00
 2.27061992e+00 6.32331806e-01
 2.21166864e+00 6.10552036e-01
 2.82686151e+00 4.70800096e-01
 2.81598480e+00 1.23553274e+00
 2.37015034e+00 9.80856530e-01
 1.96642594e+00 1.01964610e+00
 2.39429369e+00 8.03968433e-01
 2.24928751e+00 6.91472492e-01
 2.14448389e+00 5.89242583e-01
 2.50889420e+00 1.40856197e+00
 2.23643432e+00 6.12194435e-01
 2.81136107e+00 7.48450755e-01
 2.90278830e+00 1.20164321e+00
 2.47511252e+00 1.09882302e+00
 2.34550792e+00 8.89647243e-01
 2.46117056e+00 1.05873025e+00
 2.50965130e+00 5.31228975e-01
 2.14083589e+00 6.91095613e-01
 2.59984925e+00 1.18103889e+00
 2.99740604e+00 1.07185183e+00
 2.80934716e+00 7.93598738e-01
 2.38682724e+00 8.15551274e-01
 2.72397467e+00 1.40315056e+00
 2.77677128e+00 1.28755486e+00
 2.15785383e+00 7.51539576e-01
 2.25033142e+00 1.38085271e+00
 2.20107407e+00 1.28812217e+00
 2.72141230e+00 9.46216225e-01
 3.10046917e+00 1.13545298e+00
 2.29219133e+00 5.42998347e-01
 2.89912118e+00 7.79990757e-01
 2.84963753e+00 1.25774031e+00
 2.34590069e+00 1.43301699e+00
 2.31568541e+00 1.03813788e+00
 2.55240300e+00 1.14585919e+00
 2.92032337e+00 7.55104167e-01
 2.71746164e+00 1.17068356e+00
 2.74416245e+00 1.08639723e+00
 2.50642093e+00 8.73823294e-01
 3.16316924e+00 1.15261600e+00
 2.93930585e+00 1.00322891e+00
 2.97910477e+00 1.33164412e+00
 2.85696090e+00 1.53618646e+00
 3.21234725e+00 1.52626516e+00
 2.57326649e+00 1.33127732e+00
 2.50818369e+00 9.07693301e-01
 2.86272109e+00 1.12203368e+00
 2.89568557e+00 7.07387339e-01
 2.46865406e+00 5.95490245e-01
 2.47747919e+00 1.25589804e+00
 2.64567804e+00 1.15402015e+00
 2.70679122e+00 1.02271640e+00
 3.10693934e+00 9.92305656e-01
 3.18056068e+00 6.26127753e-01
 3.30758467e+00 7.53108847e-01
 3.26707846e+00 1.25011270e+00
 3.31579252e+00 6.70536412e-01
 3.11666576e+00 1.37420135e+00
 3.27217629e+00 9.66194330e-01
 3.33572731e+00 7.05892287e-01
 3.21898370e+00 6.45658733e-01
 2.52540792e+00 1.28461429e+00
 3.49159105e+00 6.91212740e-01
 3.13680589e+00 1.14863807e+00
 2.78339716e+00 1.20106088e+00
 3.06823283e+00 6.53709585e-01
 3.40888909e+00 1.12759560e+00
 2.72864681e+00 6.23814704e-01
 2.66854137e+00 1.38305467e+00
 2.79753828e+00 1.53039718e+00
 3.43228188e+00 1.21798606e+00
 3.38271782e+00 9.76750215e-01
 2.72052952e+00 1.50029043e+00
 2.86788992e+00 1.32818175e+00
 3.40492724e+00 1.04724526e+00
 3.47259766e+00 1.13474614e+00
 3.43612281e+00 1.35459148e+00
 3.13520766e+00 1.37955227e+00
 3.47977595e+00 1.33068186e+00
 2.95155576e+00 7.32299088e-01
 2.80145680e+00 1.17060856e+00
 2.83317481e+00 9.33149899e-01
 3.13630826e+00 1.26875312e+00
 3.46751902e+00 1.14840823e+00
 3.43592641e+00 1.13421316e+00
 2.88362720e+00 9.20635450e-01
 3.64440178e+00 6.58887876e-01
 2.91916809e+00 8.17439231e-01
 3.65757983e+00 1.24415794e+00
 3.54872068e+00 1.40948877e+00
 3.76018818e+00 1.06013851e+00
 3.66956923e+00 1.25124521e+00
 3.21249056e+00 1.43957807e+00
 3.51367193e+00 1.19006014e+00
 2.87033844e+00 1.42972748e+00
 3.19531989e+00 1.06517795e+00
 3.56124885e+00 1.21728066e+00
 3.18656223e+00 1.24009592e+00
 2.90619663e+00 8.42084049e-01
 2.98909783e+00 1.57000522e+00
 3.23244406e+00 9.12955364e-01
 3.60209170e+00 1.11168948e+00
 3.91707220e+00 7.50146126e-01
 3.30854767e+00 1.23045526e+00
 3.55455139e+00 1.34176285e+00
 3.73512632e+00 1.48171384e+00
 3.70747653e+00 9.10622458e-01
 3.12263571e+00 1.04977331e+00
 3.54655449e+00 1.57063833e+00
 3.09857613e+00 1.64799608e+00
 3.22983471e+00 1.14123604e+00
 3.09440980e+00 7.12653851e-01
 3.06345098e+00 1.13458851e+00
 3.14674463e+00 8.76625599e-01
 3.69094938e+00 9.42011486e-01
 3.49951836e+00 1.65184535e+00
 3.86968405e+00 8.71369521e-01
 3.23686013e+00 1.26939817e+00
 3.43151697e+00 8.82134825e-01
 3.42415696e+00 9.00791280e-01
 3.18598910e+00 7.87628471e-01
 3.70831034e+00 8.27535263e-01
 3.91528417e+00 8.09568406e-01
 3.39964668e+00 1.59143838e+00
 4.02036985e+00 1.17377448e+00
 4.04532475e+00 7.60001551e-01
 3.67881250e+00 8.35177730e-01
 3.95565091e+00 1.63720831e+00
 4.00092706e+00 9.97090663e-01
 3.41592459e+00 1.36617768e+00
 3.94828510e+00 1.55676189e+00
 3.63960897e+00 1.32512659e+00
 3.22181465e+00 1.65538426e+00
 3.56272374e+00 1.61418586e+00
 3.56373447e+00 9.07843625e-01
 4.05143399e+00 7.77049008e-01
 3.28188173e+00 1.19251625e+00
 3.58517319e+00 9.28463175e-01
 3.79857571e+00 7.88177955e-01
 3.89623144e+00 8.42999374e-01
 4.29472884e+00 7.63690945e-01
 4.24392866e+00 9.21047712e-01
 3.40705810e+00 1.65081269e+00
 4.10412669e+00 1.32458053e+00
 4.21506821e+00 9.02051018e-01
 4.28404510e+00 1.22460750e+00
 4.15047372e+00 8.37020847e-01
 4.23082725e+00 1.67552512e+00
 3.54228484e+00 1.12653441e+00
 3.75065550e+00 1.50108178e+00
 3.86132061e+00 1.20079518e+00
 3.63236555e+00 1.04677575e+00
 3.82364030e+00 7.81099450e-01
 3.90261451e+00 1.37404888e+00
 3.86359135e+00 1.08099288e+00
 4.03951288e+00 1.14496512e+00
 4.21128500e+00 1.15536220e+00
 3.74262586e+00 1.09425552e+00
 3.50642774e+00 8.14688366e-01
 4.35125811e+00 1.40091232e+00
 4.25565974e+00 1.06399976e+00
 4.05297517e+00 1.73833143e+00
 4.38395289e+00 1.03676684e+00
 3.90621994e+00 1.43225936e+00
 3.61983670e+00 1.46979061e+00
 3.72509260e+00 1.70510261e+00
 3.68127815e+00 1.72462640e+00
 4.53832847e+00 1.23522881e+00
 4.16117969e+00 8.29407330e-01
 4.47066585e+00 1.02519038e+00
 4.23416075e+00 1.26927077e+00
 3.62247579e+00 9.82811910e-01
 4.42120843e+00 9.71193577e-01
 3.72275917e+00 1.78731426e+00
 4.18795474e+00 8.72197507e-01
 3.86628636e+00 1.48162074e+00
 3.78412515e+00 1.44573548e+00
 4.35925938e+00 1.10580240e+00
 4.41456003e+00 1.08859982e+00
 3.91692672e+00 1.20308014e+00
 3.94649290e+00 8.32850202e-01
 3.93819025e+00 8.15699253e-01
 4.49190346e+00 9.21321383e-01
 3.95832974e+00 1.64319008e+00
 4.66460572e+00 1.75809988e+00
 4.32736722e+00 1.08995312e+00
 4.35250609e+00 1.55834801e+00
 4.24927476e+00 1.20148387e+00
 3.95376138e+00 1.12599076e+00
 3.82949207e+00 8.87764834e-01
 4.07786495e+00 1.64568248e+00
 4.02211929e+00 1.54276835e+00
 4.56110273e+00 1.14550122e+00
 3.96734026e+00 1.55770062e+00
 4.55818258e+00 1.21970979e+00
 3.90832260e+00 1.62529437e+00
 3.86680325e+00 8.42890463e-01
 4.24650193e+00 1.37754231e+00
 4.48390606e+00 9.77430344e-01
 4.61136784e+00 1.40049492e+00
 4.53124331e+00 1.66750718e+00
 4.44376440e+00 1.12063238e+00
 4.73466729e+00 1.50230877e+00
 4.54337089e+00 8.79831551e-01
 4.21578726e+00 1.00836107e+00
 4.37094423e+00 1.50097727e+00
 4.88587337e+00 1.47983164e+00
 4.73471727e+00 1.72302705e+00
 4.50370588e+00 1.47720282e+00
 4.81337454e+00 8.58479294e-01
 4.67640036e+00 8.68429270e-01
 4.97885841e+00 1.46409906e+00
 4.14568426e+00 1.65308943e+00
 4.85226439e+00 8.88194629e-01
 4.36107799e+00 1.34397346e+00
 4.05818513e+00 1.66935618e+00
 4.60531509e+00 1.75895347e+00
 4.13443309e+00 1.15467866e+00
 4.42192814e+00 1.71470320e+00
 4.71849750e+00 1.32102658e+00
 4.57702626e+00 1.70116919e+00
 4.79230703e+00 1.71988886e+00
 4.75070807e+00 1.71609547e+00
 4.82886137e+00 1.56832519e+00
 4.92124432e+00 1.57275077e+00
 5.04536382e+00 1.37970036e+00
 5.07496120e+00 1.30100771e+00
 4.85257528e+00 1.68870210e+00
 4.20003759e+00 1.10954068e+00
 4.26582337e+00 1.57805348e+00
 4.38542400e+00 1.05392353e+00
 4.89658070e+00 1.23934620e+00
 5.05562298e+00 1.76925194e+00
 4.39697604e+00 1.41553961e+00
 4.87580250e+00 1.41058104e+00
 5.16780630e+00 1.86609364e+00
 4.42360762e+00 1.54940791e+00
 5.26406847e+00 1.85437110e+00
 4.43916963e+00 9.45416377e-01
 4.68902334e+00 1.87177475e+00
 4.62916361e+00 1.03906616e+00
 4.56709978e+00 1.64560393e+00
 5.05652357e+00 1.09568290e+00
 5.22524627e+00 1.54551434e+00
 4.35686027e+00 1.03229277e+00
 5.09714230e+00 1.33032827e+00
 4.72790006e+00 1.74947825e+00
 4.72301266e+00 1.03339984e+00
 5.04521033e+00 9.05070499e-01
 5.32124115e+00 1.85751045e+00
 4.88925696e+00 1.62734713e+00
 5.32327431e+00 1.81015571e+00
 4.70941015e+00 1.89192518e+00
 5.09504580e+00 1.50417229e+00
 5.41753452e+00 1.21125977e+00
 5.08754115e+00 1.62136453e+00
 4.54279741e+00 1.32674049e+00
 4.49573413e+00 1.35039429e+00
 5.20238450e+00 1.15467008e+00
 4.86232675e+00 1.01004481e+00
 5.11550165e+00 1.26516488e+00
 5.32386732e+00 1.05322789e+00
 5.30142146e+00 1.42645279e+00
 4.63701460e+00 1.82620131e+00
 5.47991774e+00 1.04589847e+00
 5.52024808e+00 1.55802300e+00
 5.37200665e+00 1.51797263e+00
 5.39759940e+00 1.47178132e+00
 4.97520754e+00 1.73489723e+00
 4.93495163e+00 1.16787941e+00
 4.86839737e+00 1.64307140e+00
 4.93687385e+00 1.77651285e+00
 5.57805147e+00 1.19540954e+00
 5.09562274e+00 1.55910212e+00
 5.42293427e+00 1.73405873e+00
 4.97232993e+00 1.54001773e+00
 5.12775309e+00 1.04220857e+00
 4.83026037e+00 1.68479205e+00
 5.13655975e+00 1.57985958e+00
 5.53076531e+00 1.47968530e+00
 5.07659024e+00 1.20640496e+00
 5.32235748e+00 1.90597582e+00
 5.55668581e+00 1.27905725e+00
 5.00889903e+00 1.78263337e+00
 5.36482035e+00 9.63460299e-01
 5.11992654e+00 1.30923890e+00
 4.89930243e+00 1.09795670e+00
 5.75066360e+00 1.18223762e+00
 5.08022456e+00 1.55407046e+00
 5.35307212e+00 1.62295473e+00
 5.28463964e+00 9.89249814e-01
 5.75955363e+00 9.40542225e-01
 5.18968909e+00 1.23919775e+00
 5.21348836e+00 1.23766865e+00
 4.85469650e+00 1.12963504e+00
 5.16442623e+00 1.43380696e+00
 5.85719374e+00 1.71107623e+00
 5.17759199e+00 1.09051749e+00
 5.23607222e+00 1.65351930e+00
 5.76479092e+00 1.03468197e+00
 5.30345510e+00 1.02427181e+00
 5.54753972e+00 1.85767899e+00
 5.53942122e+00 1.35811385e+00
 5.39456584e+00 1.25164601e+00
 5.05023155e+00 1.58511290e+00
 5.94388929e+00 1.09523730e+00
 5.50287951e+00 1.31321860e+00
 5.73744043e+00 1.35591615e+00
 5.78790493e+00 9.70305821e-01
 5.51193018e+00 1.83279563e+00
 5.91141619e+00 1.19443500e+00
 5.94634157e+00 1.64101117e+00
 5.08126613e+00 1.42675338e+00
 5.37685642e+00 1.75395364e+00
 5.40000475e+00 1.78299308e+00
 5.56830054e+00 1.09704565e+00
 5.33109930e+00 1.00318022e+00
 6.04443193e+00 1.83161546e+00
 6.04495411e+00 9.79187709e-01
 5.19970932e+00 1.74436583e+00
 5.60794641e+00 1.08235457e+00
 6.06145432e+00 1.19888531e+00
 5.70226211e+00 1.26676032e+00
 5.78790176e+00 1.28656023e+00
 5.32481557e+00 9.61006394e-01
 5.74190959e+00 1.80695658e+00
 5.56034335e+00 1.24461360e+00
 5.18086723e+00 1.56217051e+00
 5.59959440e+00 1.67422953e+00
 5.90251164e+00 1.01671727e+00
 5.55451526e+00 1.28189623e+00
 5.47865108e+00 1.19748612e+00
 5.38930828e+00 1.03885583e+00
 5.29437829e+00 1.17306677e+00
 5.56797130e+00 1.05436356e+00
 5.78661515e+00 1.31197350e+00
 5.73226708e+00 1.95924772e+00
 5.54728954e+00 1.52903073e+00
 5.88495342e+00 1.11178523e+00
 5.66338846e+00 1.93582528e+00
 5.54316178e+00 1.86294781e+00
 5.74932216e+00 1.39268723e+00
 6.12339454e+00 1.67457422e+00
 6.20700185e+00 1.06731323e+00
 5.68637354e+00 1.08962778e+00
 5.61918204e+00 1.73721083e+00
 5.43575750e+00 1.37402785e+00
 6.28705451e+00 1.55696809e+00
 5.94332448e+00 1.16771568e+00
 5.90645714e+00 1.85825868e+00
 5.98711112e+00 1.39643231e+00
 6.21687214e+00 1.32842640e+00
 5.70495021e+00 1.80977453e+00
 5.90206277e+00 1.58733889e+00
 6.39479204e+00 1.85086399e+00
 5.72372130e+00 1.83272273e+00
 6.03979237e+00 1.47351248e+00
 5.47887211e+00 1.19329824e+00
 5.78403281e+00 1.10366547e+00
 5.97164614e+00 1.35861404e+00
 5.67069643e+00 1.05451219e+00
 5.90859897e+00 1.04508645e+00
 5.84765604e+00 1.39573944e+00
 5.68295878e+00 1.37582403e+00
 5.79103296e+00 1.35894555e+00
 5.65887812e+00 1.68774661e+00
 6.47683628e+00 1.29181365e+00
 6.29734638e+00 1.77354706e+00
 6.10490011e+00 1.48305083e+00
 5.66624739e+00 1.59767165e+00
 6.15729483e+00 1.40645184e+00
 5.81903360e+00 1.12474550e+00
 6.24770271e+00 1.74869686e+00
 6.62669327e+00 1.60256691e+00
 6.02849736e+00 1.34763245e+00
 5.97177354e+00 1.42881041e+00
 5.77737034e+00 1.69388386e+00
 6.54420819e+00 1.43928617e+00
 6.01708735e+00 1.33586653e+00
 6.47772459e+00 1.55044253e+00
 6.18243822e+00 1.73702117e+00
 5.89013636e+00 1.77326687e+00
 6.14593902e+00 1.64127714e+00
 6.16814576e+00 1.62778452e+00
 6.56049351e+00 1.77022742e+00
 6.73718535e+00 1.63643080e+00
 6.30706614e+00 1.22053711e+00
 6.40603883e+00 1.34305281e+00
 6.21533616e+00 1.67950825e+00
 6.45056642e+00 1.84389812e+00
 6.52787225e+00 1.72942424e+00
 5.91171216e+00 1.29555378e+00
 6.16681189e+00 1.65172582e+00
 6.00553642e+00 1.44308100e+00
 5.92064279e+00 1.19878811e+00
 6.20541230e+00 1.54028240e+00
 6.55824384e+00 1.03164998e+00
 6.20581372e+00 1.64472525e+00
 6.06382381e+00 1.99357528e+00
 6.19325438e+00 1.20019740e+00
 6.19892222e+00 1.43360485e+00
 6.83444461e+00 1.70427968e+00
 6.20202429e+00 1.24919962e+00
 6.58687281e+00 1.80379452e+00
 5.95567598e+00 1.32423762e+00
 6.01393410e+00 1.92074792e+00
 6.25027977e+00 1.28213206e+00
 6.15600492e+00 1.13531738e+00
 6.10355327e+00 1.42671765e+00
 6.10866132e+00 1.31741785e+00
 6.22785134e+00 1.66953400e+00
 6.58573092e+00 1.72264314e+00
 6.35313420e+00 1.61480415e+00
 6.22719003e+00 1.43840036e+00
 6.84996796e+00 1.83902688e+00
 6.11610784e+00 1.03758137e+00
 6.11835257e+00 1.24678162e+00
 6.12471165e+00 1.41885140e+00
 6.51534581e+00 1.94476007e+00
 6.42247632e+00 1.24343438e+00
 6.50117437e+00 1.89782206e+00
 6.34035235e+00 1.78762649e+00
 6.22589069e+00 1.83322723e+00
 6.37141432e+00 1.18060714e+00
 6.54327247e+00 1.33658277e+00
 6.92826232e+00 1.79623913e+00
 6.48046684e+00 1.49561228e+00
 6.78192018e+00 1.66319905e+00
 6.36764419e+00 1.71536070e+00
 6.75481324e+00 1.67024184e+00
 6.30273619e+00 1.30632418e+00
 6.23942352e+00 1.02859047e+00
 6.76994532e+00 1.15118710e+00
 6.63507949e+00 1.34607235e+00
 6.99351957e+00 1.56247964e+00
 6.59988242e+00 1.19561341e+00
 6.32698254e+00 1.48592251e+00
 6.82487341e+00 1.35970210e+00
 6.72400061e+00 1.57051562e+00
 6.49850505e+00 1.16416026e+00
 7.21826006e+00 1.80163735e+00
 7.01709899e+00 1.42273898e+00
 6.52379758e+00 1.56939177e+00
 6.38037794e+00 1.28454931e+00
 6.79988292e+00 1.19215300e+00
 6.63899901e+00 1.22821330e+00
 6.39688949e+00 1.53175043e+00
 7.27186859e+00 1.43214867e+00
 6.98271888e+00 1.66424099e+00
 6.70777242e+00 1.12122131e+00
 7.37842814e+00 1.45804282e+00
 6.94685413e+00 1.74316106e+00
 7.08941685e+00 1.39840519e+00
 6.71990717e+00 1.97491745e+00
 6.87060751e+00 1.87524234e+00
 7.12029877e+00 1.91930465e+00
 7.38250737e+00 1.90092999e+00
 7.24293986e+00 1.33198749e+00
 6.91531398e+00 1.76131987e+00
 7.05617982e+00 1.91808818e+00
 7.36544058e+00 1.87221414e+00
 6.93941367e+00 1.73348519e+00
 6.54926722e+00 1.14697004e+00
 6.68476181e+00 1.41479719e+00
 6.85500252e+00 1.99661839e+00
 7.36634133e+00 1.63900170e+00
 7.38916351e+00 1.17729685e+00
 7.42468826e+00 1.69580388e+00
 7.47356372e+00 1.18903829e+00
 6.85610382e+00 1.76374602e+00
 7.12277657e+00 1.85298782e+00
 7.28597166e+00 1.27871739e+00
 7.24216259e+00 1.81324643e+00
 7.36816757e+00 1.65204812e+00
 7.07468407e+00 1.85771120e+00
 7.14866569e+00 1.68772506e+00
 6.89983589e+00 1.55554363e+00
 7.04391205e+00 1.51347136e+00
 6.77397729e+00 1.27098267e+00
 7.66307221e+00 1.52394815e+00
 7.68542074e+00 1.24139898e+00
 7.42590106e+00 1.12788115e+00
 7.18351205e+00 1.19240735e+00
 6.89645681e+00 1.03626945e+00
 7.50489941e+00 1.97146366e+00
 7.63118643e+00 1.30970391e+00
 7.74326546e+00 1.12351439e+00
 7.59986844e+00 1.00900053e+00
 6.90701770e+00 1.78416596e+00
 7.52786691e+00 1.25032917e+00
 6.99426791e+00 1.21652761e+00
 7.61838905e+00 1.47681953e+00
 7.22779245e+00 1.13441717e+00
 7.06416841e+00 1.75545413e+00
 7.51315738e+00 1.35899700e+00
 7.70479598e+00 1.64370812e+00
 6.93576388e+00 1.41727242e+00
 7.35558187e+00 1.78250384e+00
 7.37307481e+00 1.73491517e+00
 7.11142488e+00 1.64447143e+00
 7.74929056e+00 1.72020113e+00
 7.69703172e+00 1.63450787e+00
 7.89429047e+00 1.31435116e+00
 7.50272377e+00 1.38493072e+00
 7.77180810e+00 1.16653624e+00
 7.15710099e+00 1.05540206e+00
 7.41557947e+00 1.08239285e+00
 7.38848800e+00 1.13281095e+00
 7.57261461e+00 1.10803013e+00
 7.73600103e+00 1.16187825e+00
 7.38360594e+00 1.04170921e+00
 7.39543070e+00 1.95888592e+00
 7.34799439e+00 1.41878820e+00
 7.95706801e+00 1.46185734e+00
 7.93729622e+00 9.93875966e-01
 7.41147066e+00 1.39036991e+00
 7.23058624e+00 1.15658252e+00
 8.04175724e+00 1.23371722e+00
 7.68460787e+00 1.03002004e+00
 7.73550380e+00 1.42095416e+00
 7.64333954e+00 1.10311715e+00
 7.80790424e+00 1.58163082e+00
 7.50727561e+00 1.63489955e+00
 8.05760408e+00 1.13479342e+00
 7.33613590e+00 1.85381487e+00
 7.27967302e+00 1.20535578e+00
 7.52106575e+00 1.54722665e+00
 7.67612074e+00 1.38542748e+00
 7.91483656e+00 1.60458291e+00
 7.62324128e+00 1.29630479e+00
 8.11825811e+00 1.17789925e+00
 7.65526508e+00 1.43041700e+00
 7.41401691e+00 1.57423591e+00
 7.35512138e+00 1.91376583e+00
 8.14138650e+00 1.02131395e+00
 7.41572737e+00 1.32830373e+00
 7.46200124e+00 1.95004582e+00
 8.18778342e+00 1.29346576e+00
 7.90102034e+00 1.51260307e+00
 8.11187763e+00 1.79284246e+00
 7.99772308e+00 1.07060730e+00
 7.94580307e+00 1.44982159e+00
 7.94962380e+00 1.62203169e+00
 7.88724758e+00 1.30966333e+00
 7.48994937e+00 1.67144230e+00
 7.49859084e+00 1.69775660e+00
 7.84946573e+00 1.84005600e+00
 7.54509179e+00 1.80202611e+00
 8.19309010e+00 1.92637937e+00
 7.64430129e+00 1.94576166e+00
 7.81421798e+00 1.88885956e+00
 7.61089694e+00 1.03987926e+00
 7.74608707e+00 1.19565183e+00
 7.65359638e+00 9.70793445e-01
 7.45956294e+00 1.04676715e+00
 7.94781198e+00 1.74916329e+00
 8.44374596e+00 1.76831055e+00
 8.42130917e+00 1.11780771e+00
 7.90336775e+00 1.85080847e+00
 7.71331159e+00 1.29875950e+00
 7.64307809e+00 1.68927557e+00
 8.39063884e+00 1.00100409e+00
 8.19476489e+00 1.81862001e+00
 8.14939402e+00 9.67900985e-01
 7.72450574e+00 1.23174211e+00
 8.34461985e+00 1.35143636e+00
 8.38323641e+00 1.80141494e+00
 7.91919941e+00 1.04199632e+00
 7.76380761e+00 1.79738023e+00
 8.22192684e+00 1.41137164e+00
 8.36568931e+00 1.92824980e+00
 7.90620980e+00 1.03301880e+00
 8.20053972e+00 1.11527937e+00
 7.73143652e+00 1.78966319e+00
 8.13968603e+00 1.63892618e+00
 8.51068681e+00 1.65921049e+00
 8.10270759e+00 1.71251189e+00
 7.87169945e+00 1.21647039e+00
 8.26353956e+00 1.60755867e+00
 7.84659252e+00 1.76807955e+00
 8.13791434e+00 1.53289494e+00
 8.50962478e+00 1.14285994e+00
 8.18821939e+00 1.58799917e+00
 8.40845477e+00 1.21216145e+00
 8.28404313e+00 1.51662463e+00
 8.44344674e+00 1.21164142e+00
 8.64860166e+00 1.07566172e+00
 8.29484284e+00 9.73130169e-01
 8.32724272e+00 1.80255528e+00
 8.51022509e+00 1.20321170e+00
 8.23512251e+00 1.52645834e+00
 8.07015031e+00 1.47169947e+00
 8.14694428e+00 1.59891590e+00
 8.78795558e+00 1.75849048e+00
 7.93012856e+00 1.89045894e+00
 8.10371568e+00 1.16725037e+00
 8.05295579e+00 9.97227980e-01
 8.25871982e+00 1.85109280e+00
 8.44980379e+00 1.85967663e+00
 8.87663782e+00 1.00668021e+00
 8.25182730e+00 1.67754046e+00
 8.88343231e+00 1.16104111e+00
 7.99159962e+00 1.04265250e+00
 8.55916734e+00 1.75994466e+00
 8.22106007e+00 1.41713559e+00
 8.78911467e+00 1.55959133e+00
 8.04776273e+00 1.42013814e+00
 8.49605272e+00 1.81370593e+00
 8.07292662e+00 1.46434612e+00
